Iteration	CPUTime	PhysTime	Travels	Value	AvValue	MinValue	MaxValue	Delta	Criteria	PrevAvRefValue	Progress	CriteriaType	CriteriaVarType	CriteriaPercentage
1	15	0	0.00708609408	369.04041	369.04041	369.04041	369.04041	0	0	0	0	0	0	3
2	17	0	0.0141721882	10.8856512	189.963031	10.8856512	369.04041	179.077379	0	0	0	0	0	3
3	19	0	0.0212582822	29.7033515	136.543138	10.8856512	369.04041	232.497272	0	0	0	0	0	3
4	21	0	0.0283443763	-8.19985995	100.357388	-8.19985995	369.04041	268.683022	0	0	0	0	0	3
5	23	0	0.0354304704	16.3450906	83.5549287	-8.19985995	369.04041	285.485481	0	0	0	0	0	3
6	25	0	0.0425165645	0.727467252	69.7503518	-8.19985995	369.04041	299.290058	0	0	0	0	0	3
7	27	0	0.0496026586	9.45376505	61.1365537	-8.19985995	369.04041	307.903856	0	0	0	0	0	3
8	29	0	0.0566887527	2.86193029	53.8522257	-8.19985995	369.04041	315.188184	0	0	0	0	0	3
9	31	0	0.0637748467	7.10125936	48.6576739	-8.19985995	369.04041	320.382736	0	0	0	0	0	3
10	33	0	0.0708609408	3.78408109	44.1703146	-8.19985995	369.04041	324.870095	0	0	0	0	0	3
11	35	0	0.0779470349	5.7732914	40.6796762	-8.19985995	369.04041	328.360734	0	0	0	0	0	3
12	37	0	0.085033129	4.55592925	37.6693639	-8.19985995	369.04041	331.371046	0	0	0	0	0	3
13	39	0	0.0921192231	5.43760322	35.1899977	-8.19985995	369.04041	333.850412	0	0	0	0	0	3
14	41	0	0.0992053172	4.88509928	33.0253621	-8.19985995	369.04041	336.015048	0	0	0	0	0	3
15	43	0	0.106291411	5.33097689	31.1790698	-8.19985995	369.04041	337.86134	0	0	0	0	0	3
16	45	0	0.113377505	5.0614612	29.5467192	-8.19985995	369.04041	339.493691	0	0	0	0	0	3
17	47	0	0.120463599	5.23162296	28.1164194	-8.19985995	369.04041	340.923991	0	0	0	0	0	3
18	49	0	0.127549693	5.07825831	26.8365216	-8.19985995	369.04041	342.203888	0	0	0	0	0	3
19	51	0	0.134635788	5.15043834	25.6951488	-8.19985995	369.04041	343.345261	0	0	0	0	0	3
20	53	0	0.141721882	5.03276893	24.6620298	-8.19985995	369.04041	344.37838	0	0	0	0	0	3
21	55	0	0.148807976	5.0479185	23.7280245	-8.19985995	369.04041	345.312385	0	0	0	0	0	3
22	57	0	0.15589407	4.9515832	22.8745499	-8.19985995	369.04041	346.16586	0	0	0	0	0	3
23	59	0	0.162980164	4.96190224	22.0957391	-8.19985995	369.04041	346.944671	0	0	0	0	0	3
24	61	0	0.170066258	4.88551517	21.3786465	-8.19985995	369.04041	347.661764	0	0	0	0	0	3
25	63	0	0.177152352	4.88875095	20.7190506	-8.19985995	369.04041	348.321359	0	0	0	0	0	3
26	65	0	0.184238446	4.82145767	20.1076048	-8.19985995	369.04041	348.932805	0	0	0	0	0	3
27	67	0	0.19132454	4.81982961	19.5413909	-8.19985995	369.04041	349.499019	0	0	0	0	0	3
28	69	0	0.198410634	4.77424818	19.0139929	-8.19985995	369.04041	350.026417	0	0	0	0	0	3
29	71	0	0.205496728	4.77474136	18.5229842	-8.19985995	369.04041	350.517426	0	0	0	0	0	3
30	73	0	0.212582822	4.73680952	18.0634451	-8.19985995	369.04041	350.976965	0	0	0	0	0	3
31	75	0	0.219668917	4.73810004	17.6335952	-8.19985995	369.04041	351.406815	0	0	0	0	0	3
32	77	0	0.226755011	4.70343858	17.2295278	-8.19985995	369.04041	351.810882	0	0	0	0	0	3
33	79	0	0.233841105	4.69615966	16.8497288	-8.19985995	369.04041	352.190681	0	0	0	0	0	3
34	81	0	0.240927199	4.67010206	16.4915045	-8.19985995	369.04041	352.548905	0	0	0	0	0	3
35	83	0	0.248013293	4.67189148	16.1538013	-8.19985995	369.04041	352.886609	0	0	0	0	0	3
36	85	0	0.255099387	4.65872281	15.8344935	-8.19985995	369.04041	353.205916	0	0	0	0	0	3
37	87	0	0.262185481	4.65703138	15.5324	-8.19985995	369.04041	353.50801	0	0	0	0	0	3
38	89	0	0.269271575	4.64501636	15.2458899	-8.19985995	369.04041	353.79452	0	0	0	0	0	3
39	91	0	0.276357669	4.64652286	14.9741112	-8.19985995	369.04041	354.066299	0	0	0	0	0	3
40	93	0	0.283443763	4.64066448	14.7157751	-8.19985995	369.04041	354.324635	0	0	0	0	0	3
41	95	0	0.290529857	4.6548452	14.4703865	-8.19985995	369.04041	354.570023	0	0	0	0	0	3
42	97	0	0.297615951	4.67085743	14.2370644	-8.19985995	369.04041	354.803346	0	0	0	0	0	3
43	99	0	0.304702046	4.69090828	14.0150608	-8.19985995	369.04041	355.025349	0	0	0	0	0	3
44	101	0	0.31178814	4.70343517	13.8034329	-8.19985995	369.04041	355.236977	0	0	0	0	0	3
45	103	0	0.318874234	4.71490551	13.6014656	-8.19985995	369.04041	355.438944	0	0	0	0	0	3
46	105	0	0.325960328	4.71903114	13.4083692	-8.19985995	369.04041	355.632041	0	0	0	0	0	3
47	107	0	0.333046422	4.72665108	13.2236518	-8.19985995	369.04041	355.816758	0	0	0	0	0	3
48	110	0	0.340132516	4.72964211	13.0466933	-8.19985995	369.04041	355.993717	0	0	0	0	0	3
49	112	0	0.34721861	4.73237494	12.8770133	-8.19985995	369.04041	356.163397	0	0	0	0	0	3
50	114	0	0.354304704	4.73217927	12.7141166	-8.19985995	369.04041	356.326293	0	0	0	0	0	3
51	116	0	0.361390798	4.73480862	12.5576596	-8.19985995	369.04041	356.48275	0	0	0	0	0	3
52	118	0	0.368476892	4.73582916	12.4072398	-8.19985995	369.04041	356.63317	0	0	0	0	0	3
53	119	0	0.375562986	4.74001541	12.2625752	-8.19985995	369.04041	356.777835	0	0	0	0	0	3
54	121	0	0.38264908	4.73983179	12.1232651	-8.19985995	369.04041	356.917145	0	0	0	0	0	3
55	123	0	0.389735175	4.73925896	11.9890105	-8.19985995	369.04041	357.051399	0	0	0	0	0	3
56	125	0	0.396821269	4.73776698	11.859524	-8.19985995	369.04041	357.180886	0	0	0	0	0	3
57	127	0	0.403907363	4.7374519	11.7345754	-8.19985995	369.04041	357.305835	0	0	0	0	0	3
58	129	0	0.410993457	4.73756379	11.6139372	-8.19985995	369.04041	357.426473	0	0	0	0	0	3
59	131	0	0.418079551	4.74248991	11.497472	-8.19985995	369.04041	357.542938	0	0	0	0	0	3
60	133	0	0.425165645	4.74420004	11.3849175	-8.19985995	369.04041	357.655492	0	0	0	0	0	3
61	135	0	0.432251739	4.746696	11.2760942	-8.19985995	369.04041	357.764316	0	0	0	0	0	3
62	137	0	0.439337833	4.74450663	11.170746	-8.19985995	369.04041	357.869664	0	0	0	0	0	3
63	139	0	0.446423927	4.74359356	11.0687277	-8.19985995	369.04041	357.971682	0	0	0	0	0	3
64	141	0	0.453510021	4.73953158	10.969834	-8.19985995	369.04041	358.070576	0	0	0	0	0	3
65	143	0	0.460596115	4.74058496	10.8739994	-8.19985995	369.04041	358.166411	0	0	0	0	0	3
66	145	0	0.467682209	4.7378672	10.7810277	-8.19985995	369.04041	358.259382	0	0	0	0	0	3
67	147	0	0.474768304	4.74045625	10.6908699	-8.19985995	369.04041	358.34954	0	0	0	0	0	3
68	149	0	0.481854398	4.7383019	10.6033322	-8.19985995	369.04041	358.437078	0	0	0	0	0	3
69	151	0	0.488940492	4.73852936	10.518335	-8.19985995	369.04041	358.522075	0	0	0	0	0	3
70	152	0	0.496026586	4.73581479	10.4357276	-8.19985995	369.04041	358.604682	0	0	0	0	0	3
71	154	0	0.50311268	4.73502364	10.355436	-8.19985995	369.04041	358.684974	0	0	0	0	0	3
72	156	0	0.510198774	4.72960033	5.22429782	-8.19985995	29.7033515	37.9032114	0	0	0	0	0	3
73	158	0	0.517284868	4.72636308	5.13754728	-8.19985995	29.7033515	37.9032114	0	0	0	0	0	3
74	160	0	0.524370962	4.71877846	4.78565189	-8.19985995	16.3450906	24.5449506	0	0	0	0	0	3
75	162	0	0.531457056	4.71402225	4.96753755	0.727467252	16.3450906	15.6176234	0	0	0	0	0	3
76	164	0	0.53854315	4.70697492	4.80362043	0.727467252	9.45376505	8.7262978	0	0	0	0	0	3
77	166	0	0.545629244	4.7065694	4.85966412	2.86193029	9.45376505	6.59183476	0	0	0	0	0	3
78	168	0	0.552715338	4.7069063	4.79280696	2.86193029	7.10125936	4.23932907	0	0	0	0	0	3
79	170	0	0.559801433	4.71192258	4.81886319	3.78408109	7.10125936	3.31717826	0	0	0	0	0	3
80	172	0	0.566887527	4.7145055	4.78524693	3.78408109	5.7732914	1.98921031	0	0	0	0	0	3
81	174	0	0.573973621	4.71774972	4.7983972	4.55592925	5.7732914	1.21736216	0	0	0	0	0	3
82	176	0	0.581059715	4.7161132	4.78350736	4.55592925	5.43760322	0.88167397	0	0	0	0	0	3
83	178	0	0.588145809	4.72046087	4.78582471	4.64066448	5.43760322	0.79693874	0	0	0	0	0	3
84	180	0	0.595231903	4.72270249	4.77575568	4.64066448	5.33097689	0.690312413	0	0	0	0	0	3
85	182	0	0.602317997	4.73061077	4.77357979	4.64066448	5.33097689	0.690312413	0	0	0	0	0	3
86	184	0	0.609404091	4.73357922	4.76516574	4.64066448	5.23162296	0.59095848	0	0	0	0	0	3
87	186	0	0.616490185	4.74041712	4.76064399	4.64066448	5.23162296	0.59095848	0	0	0	0	0	3
88	188	0	0.623576279	4.74175481	4.75374444	4.64066448	5.15043834	0.509773865	0	0	0	0	0	3
89	190	0	0.630662373	4.74595748	4.74906415	4.64066448	5.15043834	0.509773865	0	0	0	0	0	3
90	192	0	0.637748467	4.74726325	4.74338562	4.64066448	5.0479185	0.407254021	0	0	0	0	0	3
91	194	0	0.644834562	4.75137741	4.73942236	4.64066448	5.0479185	0.407254021	0	0	0	0	0	3
92	196	0	0.651920656	4.75339783	4.73527418	4.64066448	4.96190224	0.32123776	0	0	0	0	0	3
93	198	0	0.65900675	4.75587336	4.73251771	4.64066448	4.96190224	0.32123776	0	0	0	0	0	3
94	200	0	0.666092844	4.75417066	4.72959191	4.64066448	4.88875095	0.24808647	0	0	0	0	0	3
95	201	0	0.673178938	4.7534767	4.72773221	4.64066448	4.88875095	0.24808647	0	0	0	0	0	3
96	203	0	0.680265032	4.74929829	4.72576809	4.64066448	4.82145767	0.180793186	0	0	0	0	0	3
97	205	0	0.687351126	4.7477035	4.7247293	4.64066448	4.81982961	0.179165131	0	0	0	0	0	3
98	207	0	0.69443722	4.74590425	4.7236881	4.64066448	4.77474136	0.134076881	0	0	0	0	0	3
99	209	0	0.701523314	4.74807245	4.72331943	4.64066448	4.77474136	0.134076881	0	0	0	0	0	3
100	211	0	0.708609408	4.74849627	4.72294978	4.64066448	4.75587336	0.115208884	0	0	0	0	0	3
101	216	0	0.715695502	4.74920773	4.7231244	4.64066448	4.75587336	0.115208884	0	0	0	0	0	3
102	218	0	0.722781596	4.74680224	4.72324697	4.64066448	4.75587336	0.115208884	0	0	0	0	0	3
103	220	0	0.729867691	4.74455559	4.72382608	4.64066448	4.75587336	0.115208884	0	0	0	0	0	3
104	222	0	0.736953785	4.74040042	4.72444919	4.64066448	4.75587336	0.115208884	0	0	0	0	0	3
105	224	0	0.744039879	4.74033796	4.72543843	4.64066448	4.75587336	0.115208884	0	0	0	0	0	3
106	225	0	0.751125973	4.73927535	4.7263875	4.64066448	4.75587336	0.115208884	0	0	0	0	0	3
107	227	0	0.758212067	4.74068789	4.72754193	4.64066448	4.75587336	0.115208884	0	0	0	0	0	3
108	229	0	0.765298161	4.73940464	4.72870212	4.64066448	4.75587336	0.115208884	0	0	0	0	0	3
109	231	0	0.772384255	4.739262	4.73002952	4.64066448	4.75587336	0.115208884	0	0	0	0	0	3
110	233	0	0.779470349	4.73710219	4.73130529	4.64066448	4.75587336	0.115208884	0	0	0	0	0	3
111	235	0	0.786556443	4.73596558	4.73264756	4.6548452	4.75587336	0.101028168	0	0	0	0	0	3
112	237	0	0.793642537	4.73440688	4.73376814	4.67085743	4.75587336	0.0850159329	0	0	0	0	0	3
113	239	0	0.800728631	4.7347333	4.7346678	4.69090828	4.75587336	0.0649650873	0	0	0	0	0	3
114	241	0	0.807814725	4.73385753	4.73527272	4.70343517	4.75587336	0.0524381941	0	0	0	0	0	3
115	243	0	0.81490082	4.73408579	4.73570442	4.7065694	4.75587336	0.0493039658	0	0	0	0	0	3
116	245	0	0.821986914	4.73490686	4.73598613	4.7065694	4.75587336	0.0493039658	0	0	0	0	0	3
117	247	0	0.829073008	4.73825843	4.73625694	4.7065694	4.75587336	0.0493039658	0	0	0	0	0	3
118	248	0	0.836159102	4.74196603	4.73647264	4.7065694	4.75587336	0.0493039658	0	0	0	0	0	3
119	250	0	0.843245196	4.74749518	4.73672409	4.7065694	4.75587336	0.0493039658	0	0	0	0	0	3
120	252	0	0.85033129	4.7502298	4.73697557	4.7065694	4.75587336	0.0493039658	0	0	0	0	0	3
121	254	0	0.857417384	4.75404392	4.73728352	4.7065694	4.75587336	0.0493039658	0	0	0	0	0	3
122	256	0	0.864503478	4.75258414	4.73753388	4.7065694	4.75587336	0.0493039658	0	0	0	0	0	3
123	258	0	0.871589572	4.75346486	4.73778227	4.7065694	4.75587336	0.0493039658	0	0	0	0	0	3
124	260	0	0.878675666	4.75388471	4.73797762	4.7065694	4.75587336	0.0493039658	0	0	0	0	0	3
125	262	0	0.88576176	4.75657472	4.73821343	4.7065694	4.75657472	0.0500053187	0	0	0	0	0	3
126	264	0	0.892847854	4.75741837	4.7384692	4.7065694	4.75741837	0.0508489769	0	0	0	0	0	3
127	266	0	0.899933949	4.75953587	4.7387758	4.7065694	4.75953587	0.0529664707	0	0	0	0	0	3
128	268	0	0.907020043	4.75734146	4.73905594	4.7065694	4.75953587	0.0529664707	0	0	0	0	0	3
129	270	0	0.914106137	4.75774115	4.73934012	4.7065694	4.75953587	0.0529664707	0	0	0	0	0	3
130	271	0	0.921192231	4.75407501	4.7395033	4.7065694	4.75953587	0.0529664707	0	0	0	0	0	3
131	273	0	0.928278325	4.75378501	4.73963829	4.7065694	4.75953587	0.0529664707	0	0	0	0	0	3
132	275	0	0.935364419	4.75203088	4.73971343	4.7065694	4.75953587	0.0529664707	0	0	0	0	0	3
133	277	0	0.942450513	4.75326509	4.73983679	4.7065694	4.75953587	0.0529664707	0	0	0	0	0	3
134	279	0	0.949536607	4.75254606	4.73996288	4.7065694	4.75953587	0.0529664707	0	0	0	0	0	3
135	281	0	0.956622701	4.75195436	4.74013785	4.7065694	4.75953587	0.0529664707	0	0	0	0	0	3
136	283	0	0.963708795	4.74867395	4.74025178	4.7065694	4.75953587	0.0529664707	0	0	0	0	0	3
137	285	0	0.970794889	4.74481945	4.7403497	4.7065694	4.75953587	0.0529664707	0	0	0	0	0	3
138	287	0	0.977880983	4.74025927	4.74034693	4.7065694	4.75953587	0.0529664707	0	0	0	0	0	3
139	289	0	0.984967078	4.73844365	4.74034892	4.7065694	4.75953587	0.0529664707	0	0	0	0	0	3
140	291	0	0.992053172	4.73801775	4.74034172	4.7065694	4.75953587	0.0529664707	0	0	0	0	0	3
141	293	0	0.999139266	4.73835558	4.7403775	4.7065694	4.75953587	0.0529664707	0	0	0	0	0	3
142	295	0	1.00622536	4.73680621	4.74040261	4.7065694	4.75953587	0.0529664707	1.13709634	0	100	0	0	3
143	296	0	1.01331145	4.73689497	4.74050535	4.7065694	4.75953587	0.0529664707	1.13709634	0	100	0	0	3
144	298	0	1.02039755	4.73544675	4.74063329	4.7065694	4.75953587	0.0529664707	1.13709634	0	100	0	0	3
145	300	0	1.02748364	4.73588889	4.74087428	4.7065694	4.75953587	0.0529664707	1.13709634	0	100	0	0	3
146	302	0	1.03456974	4.73658363	4.74119205	4.7065694	4.75953587	0.0529664707	1.13709634	0	100	0	0	3
147	304	0	1.04165583	4.73812729	4.74163081	4.7065694	4.75953587	0.0529664707	1.13709634	0	100	0	0	3
148	306	0	1.04874192	4.73738059	4.74206477	4.7069063	4.75953587	0.0526295701	1.13709634	0	100	0	0	3
149	308	0	1.05582802	4.73889266	4.74251529	4.71192258	4.75953587	0.0476132917	1.13709634	0	100	0	0	3
150	310	0	1.06291411	4.7368129	4.74286585	4.7145055	4.75953587	0.0450303631	1.13709634	0	100	0	0	3
151	312	0	1.07000021	4.73681484	4.74318007	4.7161132	4.75953587	0.0434226706	1.13709634	0	100	0	0	3
152	314	0	1.0770863	4.73427687	4.74341285	4.7161132	4.75953587	0.0434226706	1.13709634	0	100	0	0	3
153	316	0	1.08417239	4.73540198	4.74368452	4.72046087	4.75953587	0.0390749952	1.13709634	0	100	0	0	3
154	318	0	1.09125849	4.73530888	4.74389365	4.72270249	4.75953587	0.0368333772	1.13709634	0	100	0	0	3
155	319	0	1.09834458	4.737103	4.74409647	4.73061077	4.75953587	0.0289250966	1.13709634	0	100	0	0	3
156	321	0	1.10543068	4.73915854	4.74421686	4.73357922	4.75953587	0.0259566494	1.13709634	0	100	0	0	3
157	323	0	1.11251677	4.74156805	4.74432938	4.73385753	4.75953587	0.0256783421	1.13709634	0	100	0	0	3
158	325	0	1.11960287	4.74077629	4.74433444	4.73385753	4.75953587	0.0256783421	1.13709634	0	100	0	0	3
159	327	0	1.12668896	4.74147496	4.7443305	4.73385753	4.75953587	0.0256783421	1.13709634	0	100	0	0	3
160	329	0	1.13377505	4.7387354	4.74422878	4.73385753	4.75953587	0.0213846622	1.13709634	0	100	0	0	3
161	331	0	1.14086115	4.73985176	4.74412439	4.73385753	4.75953587	0.0213846622	1.13709634	0	100	0	0	3
162	333	0	1.14794724	4.73823223	4.74393925	4.73385753	4.75953587	0.0213846622	1.13709634	0	100	0	0	3
163	335	0	1.15503334	4.73999605	4.74375049	4.73385753	4.75953587	0.0213846622	1.13709634	0	100	0	0	3
164	336	0	1.16211943	4.73870946	4.74350875	4.73385753	4.75953587	0.0213846622	1.13709634	0	100	0	0	3
165	338	0	1.16920552	4.73897972	4.74329479	4.73385753	4.75953587	0.0213846622	1.13709634	0	100	0	0	3
166	340	0	1.17629162	4.73707185	4.74306373	4.73385753	4.75953587	0.0213846622	1.13709634	0	100	0	0	3
167	342	0	1.18337771	4.73594823	4.74287571	4.73385753	4.75953587	0.0213846622	1.13709634	0	100	0	0	3
168	344	0	1.19046381	4.7343979	4.7426883	4.73385753	4.75953587	0.0213846622	1.13709634	0	100	0	0	3
169	346	0	1.1975499	4.73457787	4.74252878	4.73385753	4.75953587	0.0213846622	1.13709634	0	100	0	0	3
170	348	0	1.20463599	4.73428029	4.74233452	4.73385753	4.75953587	0.0213846622	1.13709634	0	100	0	0	3
171	350	0	1.21172209	4.73565167	4.74215361	4.73385753	4.75953587	0.0212100395	1.13709634	0	100	0	0	3
172	352	0	1.21880818	4.73371264	4.74193537	4.73371264	4.75953587	0.0210874734	1.13709634	0	100	0	0	3
173	354	0	1.22589428	4.73363883	4.74174997	4.73363883	4.75953587	0.0205083605	1.13709634	0	100	0	0	3
174	356	0	1.23298037	4.72940396	4.74153657	4.72940396	4.75953587	0.0198852512	1.13709634	0	100	0	0	3
175	358	0	1.24006646	4.72977246	4.74138688	4.72940396	4.75953587	0.0188960132	1.13709634	0	100	0	0	3
176	363	0	1.24715256	4.72710574	4.74120051	4.72710574	4.75953587	0.0179469447	1.13709634	0	100	0	0	3
177	369	0	1.25423865	4.72994163	4.74106905	4.72710574	4.75953587	0.0167925069	1.13709634	0	100	0	0	3
178	374	0	1.26132475	4.72903488	4.74090492	4.72710574	4.75953587	0.0156323202	1.13709634	0	100	0	0	3
179	381	0	1.26841084	4.73188159	4.74079896	4.72710574	4.75953587	0.0143049168	1.13709634	0	100	0	0	3
180	388	0	1.27549693	4.72870654	4.74065029	4.72710574	4.75953587	0.0130291516	1.13709634	0	100	0	0	3
181	394	0	1.28258303	4.73094626	4.74056359	4.72710574	4.75953587	0.0116868825	1.13709634	0	100	0	0	3
182	400	0	1.28966912	4.72580533	4.74042049	4.72580533	4.75953587	0.0105662955	1.13709634	0	100	0	0	3
183	407	0	1.29675522	4.72811281	4.74033184	4.72580533	4.75953587	0.0096666354	1.13709634	0	100	0	0	3
184	414	0	1.30384131	4.72458432	4.7401889	4.72458432	4.75953587	0.00906171638	1.13709634	0	100	0	0	3
185	421	0	1.31092741	4.7282923	4.74011051	4.72458432	4.75953587	0.00863001747	1.13709634	0	100	0	0	3
186	427	0	1.3180135	4.72503591	4.73998305	4.72458432	4.75953587	0.00834830828	1.13709634	0	100	0	0	3
187	433	0	1.32509959	4.72910678	4.73990136	4.72458432	4.75953587	0.00807750132	1.13709634	0	100	0	0	3
188	439	0	1.33218569	4.72739271	4.73974832	4.72458432	4.75953587	0.00786179789	1.13709634	0	100	0	0	3
189	445	0	1.33927178	4.73140415	4.73959956	4.72458432	4.75953587	0.00761034621	1.13709634	0	100	0	0	3
190	451	0	1.34635788	4.73077727	4.7393641	4.72458432	4.75953587	0.00735886933	1.13709634	0	100	0	0	3
191	458	0	1.35344397	4.73367593	4.73913094	4.72458432	4.75953587	0.00705091645	1.13709634	0	100	0	0	3
192	465	0	1.36053006	4.73299696	4.73883451	4.72458432	4.75953587	0.00680055707	1.13709634	0	100	0	0	3
193	472	0	1.36761616	4.73420468	4.73857564	4.72458432	4.75953587	0.00655216686	1.13709634	0	100	0	0	3
194	478	0	1.37470225	4.73173993	4.73826966	4.72458432	4.75953587	0.00635682451	1.13709634	0	100	0	0	3
195	485	0	1.38178835	4.73161712	4.73795603	4.72458432	4.75953587	0.00637841084	1.13709634	0	100	0	0	3
196	491	0	1.38887444	4.7290107	4.7375678	4.72458432	4.75953587	0.00676663645	1.13709634	0	100	0	0	3
197	497	0	1.39596053	4.72900272	4.73716758	4.72458432	4.75953587	0.00716685686	1.13709634	0	100	0	0	3
198	504	0	1.40304663	4.72758192	4.73671753	4.72458432	4.75774115	0.00761691253	1.13709634	0	100	0	0	3
199	509	0	1.41013272	4.72835542	4.73630927	4.72458432	4.75774115	0.00802516664	1.13709634	0	100	0	0	3
200	516	0	1.41721882	4.72840496	4.73589609	4.72458432	4.75407501	0.00843835244	1.13709634	0	100	0	0	3
201	529	0	1.42430491	4.73039824	4.73556261	4.72458432	4.75378501	0.00877182812	1.13709634	0	100	0	0	3
202	536	0	1.431391	4.73047306	4.73523427	4.72458432	4.75326509	0.00910016546	1.13709634	0	100	0	0	3
203	542	0	1.4384771	4.73254433	4.73495982	4.72458432	4.75326509	0.00937462388	1.13709634	0	100	0	0	3
204	547	0	1.44556319	4.73188211	4.73465865	4.72458432	4.75254606	0.0096757925	1.13709634	0	100	0	0	3
205	552	0	1.45264929	4.73214039	4.73437124	4.72458432	4.75195436	0.00996319625	1.13709634	0	100	0	0	3
206	557	0	1.45973538	4.73174881	4.73408666	4.72458432	4.74867395	0.0102477815	1.13709634	0	100	0	0	3
207	562	0	1.46682148	4.73382046	4.73387745	4.72458432	4.74481945	0.0104569856	1.13709634	0	100	0	0	3
208	566	0	1.47390757	4.73547448	4.73374583	4.72458432	4.74156805	0.010588605	1.13709634	0	100	0	0	3
209	572	0	1.48099366	4.7367356	4.73369621	4.72458432	4.74156805	0.010638234	1.13709634	0	100	0	0	3
210	577	0	1.48807976	4.73715046	4.73367799	4.72458432	4.74156805	0.0106564479	1.13709634	0	100	0	0	3
211	582	0	1.49516585	4.73705546	4.73366444	4.72458432	4.74156805	0.0106700013	1.13709634	0	100	0	0	3
212	587	0	1.50225195	4.73726726	4.73364911	4.72458432	4.74156805	0.0106853298	1.13709634	0	100	0	0	3
213	591	0	1.50933804	4.73757341	4.73365992	4.72458432	4.74156805	0.0106853298	1.13709634	0	100	0	0	3
214	596	0	1.51642413	4.73967943	4.73369913	4.72458432	4.74156805	0.0106853298	1.13709634	0	100	0	0	3
215	601	0	1.52351023	4.74032446	4.73376783	4.72458432	4.74156805	0.0106853298	1.13709634	0	100	0	0	3
216	607	0	1.53059632	4.74255256	4.73386169	4.72458432	4.74255256	0.0106853298	1.13709634	0	100	0	0	3
217	612	0	1.53768242	4.74239423	4.73394353	4.72458432	4.74255256	0.0106853298	1.13709634	0	100	0	0	3
218	616	0	1.54476851	4.74343871	4.73401834	4.72458432	4.74343871	0.0106853298	1.13709634	0	100	0	0	3
219	621	0	1.5518546	4.74162211	4.73407808	4.72458432	4.74343871	0.0106853298	1.13709634	0	100	0	0	3
220	626	0	1.5589407	4.7413611	4.73411284	4.72458432	4.74343871	0.0106853298	1.13709634	0	100	0	0	3
221	631	0	1.56602679	4.73871679	4.73413966	4.72458432	4.74343871	0.0106853298	1.13709634	0	100	0	0	3
222	635	0	1.57311289	4.73769969	4.73415212	4.72458432	4.74343871	0.0106853298	1.13709634	0	100	0	0	3
223	640	0	1.58019898	4.7359458	4.73417563	4.72458432	4.74343871	0.0106853298	1.13709634	0	100	0	0	3
224	645	0	1.58728507	4.7367689	4.73419488	4.72458432	4.74343871	0.0106853298	1.13709634	0	100	0	0	3
225	650	0	1.59437117	4.73625444	4.7342082	4.72458432	4.74343871	0.0106853298	1.13709634	0	100	0	0	3
226	654	0	1.60145726	4.73693996	4.7342059	4.72458432	4.74343871	0.0106853298	1.13709634	0	100	0	0	3
227	659	0	1.60854336	4.73575276	4.73415793	4.72458432	4.74343871	0.0106853298	1.13709634	0	100	0	0	3
228	663	0	1.61562945	4.7347472	4.73406186	4.72458432	4.74343871	0.0106853298	1.13709634	0	100	0	0	3
229	668	0	1.62271555	4.73376178	4.73396307	4.72458432	4.74343871	0.0106813882	1.13709634	0	100	0	0	3
230	673	0	1.62980164	4.73262142	4.73383837	4.72458432	4.74343871	0.0105796687	1.13709634	0	100	0	0	3
231	678	0	1.63688773	4.73220798	4.73374643	4.72458432	4.74343871	0.0104752815	1.13709634	0	100	0	0	3
232	683	0	1.64397383	4.7329022	4.73364855	4.72458432	4.74343871	0.0102906952	1.13709634	0	100	0	0	3
233	687	0	1.65105992	4.73324347	4.73357829	4.72458432	4.74343871	0.0101722019	1.13709634	0	100	0	0	3
234	692	0	1.65814602	4.73501453	4.73350813	4.72458432	4.74343871	0.010000619	1.13709634	0	100	0	0	3
235	698	0	1.66523211	4.73646313	4.73347649	4.72458432	4.74343871	0.00981830051	1.13709634	0	100	0	0	3
236	702	0	1.6723182	4.73938652	4.73348222	4.72458432	4.74343871	0.0095872462	1.13709634	0	100	0	0	3
237	707	0	1.6794043	4.73996124	4.73352291	4.72458432	4.74343871	0.0093992172	1.13709634	0	100	0	0	3
238	712	0	1.68649039	4.74197581	4.73360781	4.72458432	4.74343871	0.0092118144	1.13709634	0	100	0	0	3
239	717	0	1.69357649	4.7430786	4.73373007	4.72458432	4.74343871	0.00905228782	1.13709634	0	100	0	0	3
240	722	0	1.70066258	4.74262086	4.73384335	4.72458432	4.74343871	0.00885803218	1.13709634	0	100	0	0	3
241	726	0	1.70774867	4.74146005	4.73394448	4.72458432	4.74343871	0.00867712239	1.13709634	0	100	0	0	3
242	731	0	1.71483477	4.73932503	4.73399621	4.72458432	4.74343871	0.00845888171	1.13709634	0	100	0	0	3
243	736	0	1.72192086	4.73756297	4.73405044	4.72458432	4.74343871	0.00827348153	1.13709634	0	100	0	0	3
244	741	0	1.72900696	4.73632197	4.73408824	4.72458432	4.74343871	0.00806007828	1.13709634	0	100	0	0	3
245	745	0	1.73609305	4.73748711	4.73420208	4.72458432	4.74343871	0.00791038876	1.13709634	0	100	0	0	3
246	750	0	1.74317914	4.73823927	4.73432133	4.72458432	4.74343871	0.00772401949	1.13709634	0	100	0	0	3
247	754	0	1.75026524	4.73951041	4.73449605	4.72458432	4.74343871	0.00759255869	1.13709634	0	100	0	0	3
248	759	0	1.75735133	4.73729331	4.73459959	4.72458432	4.74343871	0.00742843175	1.13709634	0	100	0	0	3
249	764	0	1.76443743	4.73732738	4.73471639	4.72458432	4.74343871	0.00732247325	1.13709634	0	100	0	0	3
250	768	0	1.77152352	4.73428154	4.73475019	4.72458432	4.74343871	0.00717380471	1.13709634	0	100	0	0	3
251	773	0	1.77860961	4.73464608	4.73483385	4.72458432	4.74343871	0.00708710142	1.13709634	0	100	0	0	3
252	778	0	1.78569571	4.73354055	4.73487038	4.72458432	4.74343871	0.00694399931	1.13709634	0	100	0	0	3
253	783	0	1.7927818	4.73580136	4.73501117	4.72458432	4.74343871	0.0068553505	1.13709634	0	100	0	0	3
254	787	0	1.7998679	4.73459602	4.73510249	4.72458432	4.74343871	0.00671240712	1.13709634	0	100	0	0	3
255	792	0	1.80695399	4.73684364	4.73527515	4.72503591	4.74343871	0.00663402365	1.13709634	0	100	0	0	3
256	796	0	1.81404009	4.73542611	4.73537563	4.72503591	4.74343871	0.00650656049	1.13709634	0	100	0	0	3
257	801	0	1.82112618	4.73603575	4.73553056	4.72739271	4.74343871	0.00642486922	1.13709634	0	100	0	0	3
258	806	0	1.82821227	4.73414258	4.73560148	4.72739271	4.74343871	0.00627183092	1.13709634	0	100	0	0	3
259	811	0	1.83529837	4.73622657	4.7357259	4.72758192	4.74343871	0.00612307212	1.13709634	0	100	0	0	3
260	816	0	1.84238446	4.73489682	4.7357751	4.72758192	4.74343871	0.0058876087	1.13709634	0	100	0	0	3
261	821	0	1.84947056	4.73819865	4.73587962	4.72758192	4.74343871	0.00565445568	1.13709634	0	100	0	0	3
262	826	0	1.85655665	4.73688074	4.73592476	4.72758192	4.74343871	0.00535801965	1.13709634	0	100	0	0	3
263	831	0	1.86364274	4.73656446	4.73597501	4.72758192	4.74343871	0.00509915398	1.13709634	0	100	0	0	3
264	836	0	1.87072884	4.73399001	4.73597198	4.72758192	4.74343871	0.00479316899	1.13709634	0	100	0	0	3
265	840	0	1.87781493	4.73368325	4.73599936	4.72758192	4.74343871	0.00447954098	1.13709634	0	100	0	0	3
266	845	0	1.88490103	4.7342537	4.73603649	4.72758192	4.74343871	0.00409131537	1.13709634	0	100	0	0	3
267	850	0	1.89198712	4.73480818	4.73611814	4.72758192	4.74343871	0.00369109495	1.13709634	0	100	0	0	3
268	854	0	1.89907321	4.73550478	4.73620972	4.72758192	4.74343871	0.00324103929	1.13709634	0	100	0	0	3
269	859	0	1.90615931	4.73526368	4.73631792	4.72835542	4.74343871	0.00284142861	1.13709634	0	100	0	0	3
270	863	0	1.9132454	4.73591509	4.73642439	4.72840496	4.74343871	0.00294790288	1.13709634	0	100	0	0	3
271	868	0	1.9203315	4.73563478	4.73652622	4.73039824	4.74343871	0.00304973138	1.13709634	0	100	0	0	3
272	873	0	1.92741759	4.73375221	4.73657346	4.73047306	4.74343871	0.00309697048	1.13709634	0	100	0	0	3
273	878	0	1.93450368	4.73412073	4.73662483	4.73174881	4.74343871	0.00314834608	1.13709634	0	100	0	0	3
274	884	0	1.94158978	4.73412914	4.73664716	4.73174881	4.74343871	0.00317066735	1.13709634	0	100	0	0	3
275	889	0	1.94867587	4.73520841	4.736694	4.73174881	4.74343871	0.00321751663	1.13709634	0	100	0	0	3
276	893	0	1.95576197	4.73449438	4.73672716	4.73174881	4.74343871	0.00325067144	1.13709634	0	100	0	0	3
277	898	0	1.96284806	4.73410087	4.73676029	4.73220798	4.74343871	0.00328379904	1.13709634	0	100	0	0	3
278	903	0	1.96993416	4.73082495	4.7367181	4.73082495	4.74343871	0.00328379904	1.13709634	0	100	0	0	3
279	908	0	1.97702025	4.73005232	4.73664173	4.73005232	4.74343871	0.00328379904	1.13709634	0	100	0	0	3
280	912	0	1.98410634	4.7294767	4.73653949	4.7294767	4.74343871	0.00328379904	1.13709634	0	100	0	0	3
281	917	0	1.99119244	4.73054156	4.73644641	4.7294767	4.74343871	0.00328379904	1.13709634	0	100	0	0	3
282	922	0	1.99827853	4.73125528	4.73636471	4.7294767	4.74343871	0.00328379904	1.13709634	0	100	0	0	3
283	927	0	2.00536463	4.73406666	4.73631964	4.7294767	4.74343871	0.00328379904	1.13709634	0	100	0	0	3
284	932	0	2.01245072	4.73674955	4.73630803	4.7294767	4.74343871	0.00328379904	1.13709634	0	100	0	0	3
285	937	0	2.01953681	4.73861925	4.7362931	4.7294767	4.74343871	0.00328379904	1.13709634	0	100	0	0	3
286	943	0	2.02662291	4.73799207	4.73626025	4.7294767	4.74343871	0.00328379904	1.13709634	0	100	0	0	3
287	948	0	2.033709	4.7379513	4.73619544	4.7294767	4.74343871	0.00328379904	1.13709634	0	100	0	0	3
288	953	0	2.0407951	4.73746488	4.73612602	4.7294767	4.74343871	0.00328379904	1.13709634	0	100	0	0	3
289	958	0	2.04788119	4.73896893	4.73606306	4.7294767	4.7430786	0.00328379904	1.13709634	0	100	0	0	3
290	963	0	2.05496728	4.73958223	4.73603433	4.7294767	4.7430786	0.00328379904	1.13709634	0	100	0	0	3
291	968	0	2.06205338	4.74006794	4.73601612	4.7294767	4.7430786	0.00328379904	1.13709634	0	100	0	0	3
292	972	0	2.06913947	4.73952824	4.73602755	4.7294767	4.7430786	0.00328379904	1.13709634	0	100	0	0	3
293	977	0	2.07622557	4.73827075	4.73603559	4.7294767	4.7430786	0.00328379904	1.13709634	0	100	0	0	3
294	982	0	2.08331166	4.73536301	4.73602738	4.7294767	4.7430786	0.00328379904	1.13709634	0	100	0	0	3
295	987	0	2.09039775	4.734724	4.73599858	4.7294767	4.7430786	0.00328379904	1.13709634	0	100	0	0	3
296	992	0	2.09748385	4.7338159	4.73596423	4.7294767	4.7430786	0.00328379904	1.13709634	0	100	0	0	3
297	997	0	2.10456994	4.73548094	4.73594368	4.7294767	4.7430786	0.00328379904	1.13709634	0	100	0	0	3
298	1002	0	2.11165604	4.73477668	4.73592994	4.7294767	4.7430786	0.00328379904	1.13709634	0	100	0	0	3
299	1007	0	2.11874213	4.73500746	4.7359336	4.7294767	4.7430786	0.00328379904	1.13709634	0	100	0	0	3
300	1012	0	2.12582822	4.73538891	4.73595652	4.7294767	4.7430786	0.00328379904	1.13709634	0	100	0	0	3
301	1024	0	2.13291432	4.73539443	4.73599558	4.7294767	4.7430786	0.00328379904	1.13709634	0	100	0	0	3
302	1029	0	2.14000041	4.73453859	4.7360284	4.7294767	4.7430786	0.00328379904	1.13709634	0	100	0	0	3
303	1034	0	2.14708651	4.73540445	4.73606364	4.7294767	4.7430786	0.00328379904	1.13709634	0	100	0	0	3
304	1039	0	2.1541726	4.73733456	4.73612127	4.7294767	4.7430786	0.00328379904	1.13709634	0	100	0	0	3
305	1044	0	2.1612587	4.74003991	4.73619205	4.7294767	4.7430786	0.00328379904	1.13709634	0	100	0	0	3
306	1049	0	2.16834479	4.73963866	4.73623677	4.7294767	4.7430786	0.00327806953	1.13709634	0	100	0	0	3
307	1054	0	2.17543088	4.74028802	4.73624947	4.7294767	4.7430786	0.00323737377	1.13709634	0	100	0	0	3
308	1058	0	2.18251698	4.73844375	4.7362281	4.7294767	4.7430786	0.00315247824	1.13709634	0	100	0	0	3
309	1063	0	2.18960307	4.7391968	4.73618895	4.7294767	4.7430786	0.00303021483	1.13709634	0	100	0	0	3
310	1068	0	2.19668917	4.73935151	4.73613646	4.7294767	4.74262086	0.00291693325	1.13709634	0	100	0	0	3
311	1073	0	2.20377526	4.74229206	4.73613183	4.7294767	4.74229206	0.00281580996	1.13709634	0	100	0	0	3
312	1078	0	2.21086135	4.74230343	4.73614371	4.7294767	4.74230343	0.00276407251	1.13709634	0	100	0	0	3
313	1083	0	2.21794745	4.74291855	4.73619432	4.7294767	4.74291855	0.00270984248	1.13709634	0	100	0	0	3
314	1087	0	2.22503354	4.73704795	4.73618707	4.7294767	4.74291855	0.00267205168	1.13709634	0	100	0	0	3
315	1092	0	2.23211964	4.73651652	4.73618981	4.7294767	4.74291855	0.00255820448	1.13709634	0	100	0	0	3
316	1097	0	2.23920573	4.7318164	4.73610994	4.7294767	4.74291855	0.00243895369	1.13709634	0	100	0	0	3
317	1102	0	2.24629182	4.73275314	4.73603267	4.7294767	4.74291855	0.00226424	1.13709634	0	100	0	0	3
318	1107	0	2.25337792	4.73054963	4.73590646	4.7294767	4.74291855	0.00216069519	1.13709634	0	100	0	0	3
319	1111	0	2.26046401	4.73522903	4.73587739	4.7294767	4.74291855	0.00204389935	1.13709634	0	100	0	0	3
320	1116	0	2.26755011	4.7350717	4.73584562	4.7294767	4.74291855	0.00201009713	1.13709634	0	100	0	0	3
321	1121	0	2.2746362	4.7377201	4.73589405	4.7294767	4.74291855	0.00192644158	1.13709634	0	100	0	0	3
322	1126	0	2.28172229	4.73419505	4.73588769	4.7294767	4.74291855	0.00188990226	1.13709634	0	100	0	0	3
323	1131	0	2.28880839	4.73462787	4.73590301	4.7294767	4.74291855	0.00174911311	1.13709634	0	100	0	0	3
324	1135	0	2.29589448	4.73084183	4.73583316	4.7294767	4.74291855	0.00165780033	1.13709634	0	100	0	0	3
325	1141	0	2.30298058	4.73136572	4.73578766	4.7294767	4.74291855	0.00148513387	1.13709634	0	100	0	0	3
326	1146	0	2.31006667	4.72836437	4.73566823	4.72836437	4.74291855	0.00138465772	1.13709634	0	100	0	0	3
327	1151	0	2.31715277	4.73073963	4.73560222	4.72836437	4.74291855	0.00122973028	1.13709634	0	100	0	0	3
328	1156	0	2.32423886	4.73029366	4.73552135	4.72836437	4.74291855	0.0012389368	1.13709634	0	100	0	0	3
329	1162	0	2.33132495	4.73421848	4.73552242	4.72836437	4.74291855	0.0012389368	1.13709634	0	100	0	0	3
330	1166	0	2.33841105	4.73372079	4.73548713	4.72836437	4.74291855	0.00127316053	1.13709634	0	100	0	0	3
331	1172	0	2.34549714	4.73768965	4.73552646	4.72836437	4.74291855	0.00127316053	1.13709634	0	100	0	0	3
332	1176	0	2.35258324	4.73690087	4.73550818	4.72836437	4.74291855	0.00127316053	1.13709634	0	100	0	0	3
333	1181	0	2.35966933	4.73956383	4.73554597	4.72836437	4.74291855	0.00127316053	1.13709634	0	100	0	0	3
334	1186	0	2.36675542	4.74001948	4.73559464	4.72836437	4.74291855	0.00127316053	1.13709634	0	100	0	0	3
335	1192	0	2.37384152	4.74005925	4.73568012	4.72836437	4.74291855	0.00127316053	1.13709634	0	100	0	0	3
336	1198	0	2.38092761	4.73843399	4.73574703	4.72836437	4.74291855	0.00127316053	1.13709634	0	100	0	0	3
337	1203	0	2.38801371	4.73740906	4.73579147	4.72836437	4.74291855	0.00127316053	1.13709634	0	100	0	0	3
338	1209	0	2.3950998	4.73576086	4.73580489	4.72836437	4.74291855	0.00127316053	1.13709634	0	100	0	0	3
339	1214	0	2.40218589	4.73612089	4.73581357	4.72836437	4.74291855	0.00127316053	1.13709634	0	100	0	0	3
340	1220	0	2.40927199	4.73611266	4.73582552	4.72836437	4.74291855	0.00127316053	1.13709634	0	100	0	0	3
341	1224	0	2.41635808	4.73534702	4.73581752	4.72836437	4.74291855	0.00127316053	1.13709634	0	100	0	0	3
342	1229	0	2.42344418	4.73520383	4.73581145	4.72836437	4.74291855	0.00127316053	1.13709634	0	100	0	0	3
343	1234	0	2.43053027	4.73511993	4.73583072	4.72836437	4.74291855	0.00127316053	1.13709634	0	100	0	0	3
344	1239	0	2.43761636	4.73457935	4.73583718	4.72836437	4.74291855	0.00127316053	1.13709634	0	100	0	0	3
345	1244	0	2.44470246	4.73447291	4.73584202	4.72836437	4.74291855	0.00127316053	1.13709634	0	100	0	0	3
346	1249	0	2.45178855	4.73303422	4.7358114	4.72836437	4.74291855	0.00127316053	1.13709634	0	100	0	0	3
347	1254	0	2.45887465	4.73237664	4.73578157	4.72836437	4.74291855	0.00127316053	1.13709634	0	100	0	0	3
348	1259	0	2.46596074	4.73100265	4.73573793	4.72836437	4.74291855	0.00123097034	1.13709634	0	100	0	0	3
349	1264	0	2.47304683	4.73140811	4.73574615	4.72836437	4.74291855	0.00115460195	1.13709634	0	100	0	0	3
350	1269	0	2.48013293	4.73214375	4.7357756	4.72836437	4.74291855	0.00105236396	1.13709634	0	100	0	0	3
351	1273	0	2.48721902	4.73543296	4.73585949	4.72836437	4.74291855	0.000959280753	1.13709634	0	100	0	0	3
352	1278	0	2.49430512	4.7370064	4.73595055	4.72836437	4.74291855	0.000877588111	1.13709634	0	100	0	0	3
353	1283	0	2.50139121	4.73947068	4.73606626	4.72836437	4.74291855	0.00083250922	1.13709634	0	100	0	0	3
354	1288	0	2.50847731	4.7414417	4.73617013	4.72836437	4.74291855	0.000820905511	1.13709634	0	100	0	0	3
355	1293	0	2.5155634	4.74367396	4.73626766	4.72836437	4.74367396	0.000805973477	1.13709634	0	100	0	0	3
356	1297	0	2.52264949	4.74286262	4.73632742	4.72836437	4.74367396	0.00084029675	1.13709634	0	100	0	0	3
357	1302	0	2.52973559	4.74366702	4.73640735	4.72836437	4.74367396	0.000920225574	1.13709634	0	100	0	0	3
358	1307	0	2.53682168	4.74335812	4.7364835	4.72836437	4.74367396	0.000996377972	1.13709634	0	100	0	0	3
359	1312	0	2.54390778	4.7448328	4.73658728	4.72836437	4.7448328	0.00110015155	1.13709634	0	100	0	0	3
360	1316	0	2.55099387	4.74266113	4.73663928	4.72836437	4.7448328	0.00115215429	1.13709634	0	100	0	0	3
361	1321	0	2.55807996	4.74255375	4.73668113	4.72836437	4.7448328	0.00119400671	1.13709634	0	100	0	0	3
362	1326	0	2.56516606	4.73859418	4.73666038	4.72836437	4.7448328	0.00119400671	1.13709634	0	100	0	0	3
363	1331	0	2.57225215	4.73832824	4.73664347	4.72836437	4.7448328	0.00119400671	1.13709634	0	100	0	0	3
364	1337	0	2.57933825	4.73611063	4.73661305	4.72836437	4.7448328	0.00119400671	1.13709634	0	100	0	0	3
365	1341	0	2.58642434	4.7365475	4.73662973	4.72836437	4.7448328	0.00119400671	1.13709634	0	100	0	0	3
366	1346	0	2.59351043	4.73503238	4.73663408	4.72836437	4.7448328	0.00119400671	1.13709634	0	100	0	0	3
367	1351	0	2.60059653	4.73499194	4.73665064	4.72836437	4.7448328	0.00119400671	1.13709634	0	100	0	0	3
368	1356	0	2.60768262	4.73187812	4.7365999	4.72836437	4.7448328	0.00119400671	1.13709634	0	100	0	0	3
369	1361	0	2.61476872	4.7311068	4.73654821	4.72836437	4.7448328	0.00119400671	1.13709634	0	100	0	0	3
370	1365	0	2.62185481	4.72864158	4.73645855	4.72836437	4.7448328	0.00119400671	1.13709634	0	100	0	0	3
371	1370	0	2.6289409	4.73203696	4.73641134	4.72836437	4.7448328	0.00119400671	1.13709634	0	100	0	0	3
372	1375	0	2.636027	4.73270794	4.7363735	4.72836437	4.7448328	0.00119400671	1.13709634	0	100	0	0	3
373	1380	0	2.64311309	4.73759097	4.73641649	4.72836437	4.7448328	0.00119400671	1.13709634	0	100	0	0	3
374	1386	0	2.65019919	4.73663918	4.73643388	4.72836437	4.7448328	0.00119400671	1.13709634	0	100	0	0	3
375	1390	0	2.65728528	4.73803739	4.73644378	4.72836437	4.7448328	0.00119400671	1.13709634	0	100	0	0	3
376	1395	0	2.66437138	4.73514991	4.73637491	4.72836437	4.7448328	0.00119400671	1.13709634	0	100	0	0	3
377	1400	0	2.67145747	4.73578851	4.73632068	4.72836437	4.7448328	0.00119400671	1.13709634	0	100	0	0	3
378	1405	0	2.67854356	4.73403037	4.73623254	4.72836437	4.7448328	0.00119400671	1.13709634	0	100	0	0	3
379	1411	0	2.68562966	4.7378068	4.73622357	4.72836437	4.7448328	0.00119400671	1.13709634	0	100	0	0	3
380	1415	0	2.69271575	4.73783282	4.73620436	4.72836437	4.7448328	0.00119400671	1.13709634	0	100	0	0	3
381	1420	0	2.69980185	4.74082607	4.73622513	4.72836437	4.7448328	0.00119400671	1.13709634	0	100	0	0	3
382	1425	0	2.70688794	4.73906725	4.73617971	4.72836437	4.7448328	0.00119400671	1.13709634	0	100	0	0	3
383	1429	0	2.71397403	4.74065091	4.73615644	4.72836437	4.7448328	0.00119400671	1.13709634	0	100	0	0	3
384	1434	0	2.72106013	4.73888055	4.73609956	4.72836437	4.7448328	0.00119400671	1.13709634	0	100	0	0	3
385	1439	0	2.72814622	4.7403864	4.73614658	4.72836437	4.7448328	0.00119400671	1.13709634	0	100	0	0	3
386	1443	0	2.73523232	4.73885168	4.73617947	4.72836437	4.7448328	0.00119400671	1.13709634	0	100	0	0	3
387	1448	0	2.74231841	4.73995503	4.7362941	4.72836437	4.7448328	0.00119400671	1.13709634	0	100	0	0	3
388	1453	0	2.7494045	4.7387574	4.73637867	4.72836437	4.7448328	0.00119400671	1.13709634	0	100	0	0	3
389	1458	0	2.7564906	4.74012034	4.73651347	4.72836437	4.7448328	0.00119400671	1.13709634	0	100	0	0	3
390	1463	0	2.76357669	4.73791626	4.73655132	4.72836437	4.7448328	0.00119400671	1.13709634	0	100	0	0	3
391	1468	0	2.77066279	4.73797553	4.73659221	4.72836437	4.7448328	0.00119400671	1.13709634	0	100	0	0	3
392	1473	0	2.77774888	4.73636217	4.73657309	4.72836437	4.7448328	0.00119400671	1.13709634	0	100	0	0	3
393	1479	0	2.78483497	4.73862775	4.73663552	4.72836437	4.7448328	0.00119400671	1.13709634	0	100	0	0	3
394	1484	0	2.79192107	4.73745471	4.73667534	4.72836437	4.7448328	0.00119400671	1.13709634	0	100	0	0	3
395	1489	0	2.79900716	4.73975957	4.73680094	4.72836437	4.7448328	0.00131381084	1.13709634	0	100	0	0	3
396	1493	0	2.80609326	4.73824183	4.73689778	4.72836437	4.7448328	0.0014106574	1.13709634	0	100	0	0	3
397	1498	0	2.81317935	4.74033583	4.7370664	4.72864158	4.7448328	0.00157926952	1.13709634	0	100	0	0	3
398	1503	0	2.82026545	4.73858876	4.73717695	4.72864158	4.7448328	0.00168982056	1.13709634	0	100	0	0	3
399	1508	0	2.82735154	4.74073054	4.73732395	4.72864158	4.7448328	0.00183681882	1.13709634	0	100	0	0	3
400	1513	0	2.83443763	4.73887865	4.73738958	4.72864158	4.7448328	0.00190245502	1.13709634	0	100	0	0	3
401	1525	0	2.84152373	4.74001204	4.73747819	4.72864158	4.7448328	0.00197000732	1.13709634	0	100	0	0	3
402	1530	0	2.84860982	4.73946815	4.73750324	4.72864158	4.7448328	0.00199505667	1.13709634	0	100	0	0	3
403	1535	0	2.85569592	4.74090963	4.7375597	4.72864158	4.7448328	0.00201372812	1.13709634	0	100	0	0	3
404	1540	0	2.86278201	4.74018481	4.73756845	4.72864158	4.7448328	0.00197381217	1.13709634	0	100	0	0	3
405	1545	0	2.8698681	4.73888275	4.73755244	4.72864158	4.7448328	0.0018883299	1.13709634	0	100	0	0	3
406	1550	0	2.8769542	4.73821441	4.73752645	4.72864158	4.7448328	0.0018305159	1.13709634	0	100	0	0	3
407	1555	0	2.88404029	4.73737371	4.73751152	4.72864158	4.7448328	0.0018305159	1.13709634	0	100	0	0	3
408	1560	0	2.89112639	4.73780871	4.73751715	4.72864158	4.7448328	0.0018305159	1.13709634	0	100	0	0	3
409	1564	0	2.89821248	4.73644787	4.73752683	4.72864158	4.7448328	0.0018305159	1.13709634	0	100	0	0	3
410	1569	0	2.90529857	4.73618939	4.73752779	4.72864158	4.7448328	0.0018305159	1.13709634	0	100	0	0	3
411	1574	0	2.91238467	4.73450836	4.73750519	4.72864158	4.7448328	0.0018305159	1.13709634	0	100	0	0	3
412	1579	0	2.91947076	4.73400851	4.73748634	4.72864158	4.7448328	0.0018305159	1.13709634	0	100	0	0	3
413	1584	0	2.92655686	4.732764	4.73745198	4.72864158	4.7448328	0.0018305159	1.13709634	0	100	0	0	3
414	1589	0	2.93364295	4.7333104	4.73742649	4.72864158	4.7448328	0.0018305159	1.13709634	0	100	0	0	3
415	1593	0	2.94072904	4.73430797	4.73742267	4.72864158	4.7448328	0.0018305159	1.13709634	0	100	0	0	3
416	1598	0	2.94781514	4.73620746	4.7374471	4.72864158	4.7448328	0.0018305159	1.13709634	0	100	0	0	3
417	1602	0	2.95490123	4.7363328	4.73749356	4.72864158	4.7448328	0.0018305159	1.13709634	0	100	0	0	3
418	1607	0	2.96198733	4.73742572	4.73756467	4.72864158	4.7448328	0.0018305159	1.13709634	0	100	0	0	3
419	1612	0	2.96907342	4.73592059	4.73763394	4.72864158	4.7448328	0.00188779427	1.13709634	0	100	0	0	3
420	1617	0	2.97615951	4.73603566	4.73769912	4.72864158	4.7448328	0.00192351424	1.13709634	0	100	0	0	3
421	1622	0	2.98324561	4.73599501	4.73775336	4.72864158	4.7448328	0.00189386642	1.13709634	0	100	0	0	3
422	1627	0	2.9903317	4.73793943	4.73778866	4.72864158	4.7448328	0.00183811479	1.13709634	0	100	0	0	3
423	1631	0	2.9974178	4.73848473	4.73780948	4.72864158	4.7448328	0.00174322653	1.13709634	0	100	0	0	3
424	1636	0	3.00450389	4.73965684	4.73781211	4.72864158	4.7448328	0.00171254294	1.13709634	0	100	0	0	3
425	1641	0	3.01158999	4.73753003	4.73775701	4.72864158	4.7448328	0.00171254294	1.13709634	0	100	0	0	3
426	1647	0	3.01867608	4.73632806	4.73765355	4.72864158	4.7448328	0.00171254294	1.13709634	0	100	0	0	3
427	1652	0	3.02576217	4.73375517	4.73752527	4.72864158	4.7448328	0.00171254294	1.13709634	0	100	0	0	3
428	1657	0	3.03284827	4.73436093	4.7373942	4.72864158	4.7448328	0.00171254294	1.13709634	0	100	0	0	3
429	1662	0	3.03993436	4.7343021	4.73726665	4.72864158	4.7448328	0.00171254294	1.13709634	0	100	0	0	3
430	1667	0	3.04702046	4.7362813	4.73714621	4.72864158	4.74266113	0.00171254294	1.13709634	0	100	0	0	3
431	1671	0	3.05410655	4.73450952	4.7370314	4.72864158	4.74255375	0.00171254294	1.13709634	0	100	0	0	3
432	1677	0	3.06119264	4.73517607	4.73692749	4.72864158	4.74090963	0.00171254294	1.13709634	0	100	0	0	3
433	1682	0	3.06827874	4.73380381	4.73686002	4.72864158	4.74090963	0.00171254294	1.13709634	0	100	0	0	3
434	1687	0	3.07536483	4.73423807	4.73680241	4.72864158	4.74090963	0.00171254294	1.13709634	0	100	0	0	3
435	1692	0	3.08245093	4.73381855	4.73677013	4.72864158	4.74090963	0.00171254294	1.13709634	0	100	0	0	3
436	1696	0	3.08953702	4.73518727	4.73675097	4.72864158	4.74090963	0.00171254294	1.13709634	0	100	0	0	3
437	1701	0	3.09662311	4.73633477	4.73676931	4.72864158	4.74090963	0.00171254294	1.13709634	0	100	0	0	3
438	1707	0	3.10370921	4.73673523	4.73679387	4.72864158	4.74090963	0.00171254294	1.13709634	0	100	0	0	3
439	1712	0	3.1107953	4.73555213	4.73684561	4.72864158	4.74090963	0.00171254294	1.13709634	0	100	0	0	3
440	1716	0	3.1178814	4.73655289	4.73692232	4.72864158	4.74090963	0.00171254294	1.13709634	0	100	0	0	3
441	1721	0	3.12496749	4.73710555	4.73704153	4.73203696	4.74090963	0.00171254294	1.13709634	0	100	0	0	3
442	1726	0	3.13205358	4.73846838	4.73713211	4.73270794	4.74090963	0.00171254294	1.13709634	0	100	0	0	3
443	1730	0	3.13913968	4.74005135	4.73723554	4.732764	4.74090963	0.00171254294	1.13709634	0	100	0	0	3
444	1736	0	3.14622577	4.74216442	4.73729995	4.732764	4.74216442	0.00171254294	1.13709634	0	100	0	0	3
445	1741	0	3.15331187	4.74086205	4.73735943	4.732764	4.74216442	0.00171254294	1.13709634	0	100	0	0	3
446	1745	0	3.16039796	4.73862572	4.73736772	4.732764	4.74216442	0.00171254294	1.13709634	0	100	0	0	3
447	1751	0	3.16748406	4.73516341	4.73736791	4.732764	4.74216442	0.00171254294	1.13709634	0	100	0	0	3
448	1756	0	3.17457015	4.73324432	4.73733207	4.732764	4.74216442	0.00171254294	1.13709634	0	100	0	0	3
449	1761	0	3.18165624	4.73444319	4.73733789	4.732764	4.74216442	0.00171254294	1.13709634	0	100	0	0	3
450	1766	0	3.18874234	4.73607988	4.73731357	4.732764	4.74216442	0.00171254294	1.13709634	0	100	0	0	3
451	1770	0	3.19582843	4.73820935	4.73731887	4.732764	4.74216442	0.00171254294	1.13709634	0	100	0	0	3
452	1775	0	3.20291453	4.73968577	4.73730281	4.732764	4.74216442	0.00171254294	1.13709634	0	100	0	0	3
453	1779	0	3.21000062	4.73870004	4.73729764	4.732764	4.74216442	0.00171254294	1.13709634	0	100	0	0	3
454	1784	0	3.21708671	4.73582795	4.73722971	4.732764	4.74216442	0.00171254294	1.13709634	0	100	0	0	3
455	1788	0	3.22417281	4.73416446	4.73716328	4.732764	4.74216442	0.00166552252	1.13709634	0	100	0	0	3
456	1794	0	3.2312589	4.73382012	4.7370708	4.732764	4.74216442	0.00163263285	1.13709634	0	100	0	0	3
457	1798	0	3.238345	4.73423092	4.73700572	4.732764	4.74216442	0.0015180042	1.13709634	0	100	0	0	3
458	1804	0	3.24543109	4.73486716	4.73693406	4.732764	4.74216442	0.00143343708	1.13709634	0	100	0	0	3
459	1809	0	3.25251718	4.73504441	4.73688176	4.732764	4.74216442	0.00129863838	1.13709634	0	100	0	0	3
460	1814	0	3.25960328	4.73476621	4.73680635	4.732764	4.74216442	0.00126079008	1.13709634	0	100	0	0	3
461	1818	0	3.26668937	4.73411704	4.73675284	4.732764	4.74216442	0.00123901686	1.13709634	0	100	0	0	3
462	1823	0	3.27377547	4.73267219	4.73667815	4.73267219	4.74216442	0.00123901686	1.13709634	0	100	0	0	3
463	1827	0	3.28086156	4.73249749	4.73662372	4.73249749	4.74216442	0.00118838904	1.13709634	0	100	0	0	3
464	1833	0	3.28794765	4.73350667	4.73655159	4.73249749	4.74216442	0.00126051693	1.13709634	0	100	0	0	3
465	1837	0	3.29503375	4.73493188	4.73651606	4.73249749	4.74216442	0.00129604972	1.13709634	0	100	0	0	3
466	1842	0	3.30211984	4.73596981	4.73646268	4.73249749	4.74216442	0.00134942657	1.13709634	0	100	0	0	3
467	1848	0	3.30920594	4.73722648	4.73644838	4.73249749	4.74216442	0.00136372726	1.13709634	0	100	0	0	3
468	1853	0	3.31629203	4.73792395	4.73641441	4.73249749	4.74216442	0.00139769741	1.13709634	0	100	0	0	3
469	1858	0	3.32337812	4.73921172	4.73642318	4.73249749	4.74216442	0.00139769741	1.13709634	0	100	0	0	3
470	1862	0	3.33046422	4.73962053	4.73640755	4.73249749	4.74216442	0.00140455713	1.13709634	0	100	0	0	3
471	1868	0	3.33755031	4.74149089	4.73644434	4.73249749	4.74216442	0.00140455713	1.13709634	0	100	0	0	3
472	1873	0	3.34463641	4.7413941	4.73646381	4.73249749	4.74216442	0.00140455713	1.13709634	0	100	0	0	3
473	1878	0	3.3517225	4.74301001	4.73651369	4.73249749	4.74301001	0.00140455713	1.13709634	0	100	0	0	3
474	1883	0	3.3588086	4.74278681	4.73654013	4.73249749	4.74301001	0.00140455713	1.13709634	0	100	0	0	3
475	1888	0	3.36589469	4.74226972	4.7365695	4.73249749	4.74301001	0.00140455713	1.13709634	0	100	0	0	3
476	1892	0	3.37298078	4.73974985	4.73658171	4.73249749	4.74301001	0.00140455713	1.13709634	0	100	0	0	3
477	1897	0	3.38006688	4.73788198	4.73657703	4.73249749	4.74301001	0.00140455713	1.13709634	0	100	0	0	3
478	1902	0	3.38715297	4.73611165	4.73655925	4.73249749	4.74301001	0.00140455713	1.13709634	0	100	0	0	3
479	1907	0	3.39423907	4.73484314	4.73651748	4.73249749	4.74301001	0.00140455713	1.13709634	0	100	0	0	3
480	1912	0	3.40132516	4.7365775	4.73651931	4.73249749	4.74301001	0.00140455713	1.13709634	0	100	0	0	3
481	1917	0	3.40841125	4.73617936	4.73651917	4.73249749	4.74301001	0.00140455713	1.13709634	0	100	0	0	3
482	1921	0	3.41549735	4.73630376	4.73654445	4.73249749	4.74301001	0.00140455713	1.13709634	0	100	0	0	3
483	1926	0	3.42258344	4.73472464	4.73655454	4.73249749	4.74301001	0.00140455713	1.13709634	0	100	0	0	3
484	1930	0	3.42966954	4.73463869	4.73658094	4.73249749	4.74301001	0.00140455713	1.13709634	0	100	0	0	3
485	1935	0	3.43675563	4.73410536	4.73659214	4.73249749	4.74301001	0.00140455713	1.13709634	0	100	0	0	3
486	1940	0	3.44384172	4.73507058	4.73660288	4.73249749	4.74301001	0.00140455713	1.13709634	0	100	0	0	3
487	1945	0	3.45092782	4.73493803	4.736585	4.73249749	4.74301001	0.00140455713	1.13709634	0	100	0	0	3
488	1950	0	3.45801391	4.73686889	4.73659255	4.73249749	4.74301001	0.00140455713	1.13709634	0	100	0	0	3
489	1955	0	3.46510001	4.7368131	4.73658392	4.73249749	4.74301001	0.00140455713	1.13709634	0	100	0	0	3
490	1959	0	3.4721861	4.73593016	4.73658406	4.73249749	4.74301001	0.00140455713	1.13709634	0	100	0	0	3
491	1965	0	3.47927219	4.73339085	4.73654681	4.73249749	4.74301001	0.00140455713	1.13709634	0	100	0	0	3
492	1969	0	3.48635829	4.73402324	4.73651904	4.73249749	4.74301001	0.00140455713	1.13709634	0	100	0	0	3
493	1974	0	3.49344438	4.73553884	4.73648523	4.73249749	4.74301001	0.00140455713	1.13709634	0	100	0	0	3
494	1978	0	3.50053048	4.73658116	4.73645842	4.73249749	4.74301001	0.00140455713	1.13709634	0	100	0	0	3
495	1984	0	3.50761657	4.73886294	4.73644723	4.73249749	4.74301001	0.00134946332	1.13709634	0	100	0	0	3
496	1989	0	3.51470267	4.7390582	4.73646876	4.73249749	4.74301001	0.00124599994	1.13709634	0	100	0	0	3
497	1994	0	3.52178876	4.73853342	4.73649982	4.73249749	4.74301001	0.00111772604	1.13709634	0	100	0	0	3
498	1999	0	3.52887485	4.73667323	4.73654092	4.73249749	4.74301001	0.000986654435	1.13709634	0	100	0	0	3
499	2005	0	3.53596095	4.73696043	4.73657753	4.73249749	4.74301001	0.000960359668	1.13709634	0	100	0	0	3
500	2010	0	3.54304704	4.73638349	4.73660685	4.73249749	4.74301001	0.000960359668	1.13709634	0	100	0	0	3
501	2022	0	3.55013314	4.73857213	4.73663911	4.73249749	4.74301001	0.000960359668	1.13709634	0	100	0	0	3
502	2027	0	3.55721923	4.73752453	4.73668158	4.73249749	4.74301001	0.000960359668	1.13709634	0	100	0	0	3
503	2032	0	3.56430532	4.73966272	4.73674477	4.73249749	4.74301001	0.000960359668	1.13709634	0	100	0	0	3
504	2037	0	3.57139142	4.73784141	4.73680164	4.73249749	4.74301001	0.000960359668	1.13709634	0	100	0	0	3
505	2042	0	3.57847751	4.73816589	4.73685696	4.73249749	4.74301001	0.000960359668	1.13709634	0	100	0	0	3
506	2046	0	3.58556361	4.73612024	4.73688938	4.73249749	4.74301001	0.000960359668	1.13709634	0	100	0	0	3
507	2052	0	3.5926497	4.73718015	4.73691744	4.73249749	4.74301001	0.000960359668	1.13709634	0	100	0	0	3
508	2057	0	3.59973579	4.7343571	4.73688959	4.73249749	4.74301001	0.000960359668	1.13709634	0	100	0	0	3
509	2062	0	3.60682189	4.73470516	4.736861	4.73249749	4.74301001	0.000960359668	1.13709634	0	100	0	0	3
510	2067	0	3.61390798	4.7322801	4.73681491	4.7322801	4.74301001	0.000960359668	1.13709634	0	100	0	0	3
511	2072	0	3.62099408	4.7358007	4.73680432	4.7322801	4.74301001	0.000960359668	1.13709634	0	100	0	0	3
512	2078	0	3.62808017	4.73517575	4.73677714	4.7322801	4.74301001	0.000960359668	1.13709634	0	100	0	0	3
513	2083	0	3.63516626	4.73901831	4.73678488	4.7322801	4.74301001	0.000960359668	1.13709634	0	100	0	0	3
514	2088	0	3.64225236	4.74029693	4.73678834	4.7322801	4.74301001	0.000960359668	1.13709634	0	100	0	0	3
515	2093	0	3.64933845	4.74485748	4.73682627	4.7322801	4.74485748	0.000960359668	1.13709634	0	100	0	0	3
516	2098	0	3.65642455	4.7447562	4.73688112	4.7322801	4.74485748	0.000960359668	1.13709634	0	100	0	0	3
517	2103	0	3.66351064	4.74716453	4.73700138	4.7322801	4.74716453	0.000960359668	1.13709634	0	100	0	0	3
518	2108	0	3.67059673	4.7437124	4.73712179	4.7322801	4.74716453	0.000930340419	1.13709634	0	100	0	0	3
519	2113	0	3.67768283	4.74339052	4.7372647	4.7322801	4.74716453	0.000930340419	1.13709634	0	100	0	0	3
520	2117	0	3.68476892	4.73944759	4.73733518	4.7322801	4.74716453	0.000927633182	1.13709634	0	100	0	0	3
521	2123	0	3.69185502	4.73897106	4.7373759	4.7322801	4.74716453	0.00096835407	1.13709634	0	100	0	0	3
522	2128	0	3.69894111	4.73811532	4.73737458	4.7322801	4.74716453	0.00096835407	1.13709634	0	100	0	0	3
523	2133	0	3.70602721	4.73948281	4.73737172	4.7322801	4.74716453	0.00096835407	1.13709634	0	100	0	0	3
524	2138	0	3.7131133	4.73912899	4.73737776	4.7322801	4.74716453	0.000970212649	1.13709634	0	100	0	0	3
525	2143	0	3.72019939	4.74090539	4.73744927	4.7322801	4.74716453	0.0010417259	1.13709634	0	100	0	0	3
526	2147	0	3.72728549	4.73936023	4.73752245	4.7322801	4.74716453	0.00111490582	1.13709634	0	100	0	0	3
527	2152	0	3.73437158	4.73779662	4.73757846	4.7322801	4.74716453	0.00117091285	1.13709634	0	100	0	0	3
528	2156	0	3.74145768	4.73567942	4.73759886	4.7322801	4.74716453	0.00119131423	1.13709634	0	100	0	0	3
529	2161	0	3.74854377	4.73661464	4.73762347	4.7322801	4.74716453	0.00121592654	1.13709634	0	100	0	0	3
530	2166	0	3.75562986	4.73514496	4.73762489	4.7322801	4.74716453	0.00121734276	1.13709634	0	100	0	0	3
531	2171	0	3.76271596	4.73689046	4.73765481	4.7322801	4.74716453	0.00124726184	1.13709634	0	100	0	0	3
532	2176	0	3.76980205	4.73756919	4.73770343	4.7322801	4.74716453	0.00129588379	1.13709634	0	100	0	0	3
533	2181	0	3.77688815	4.73813283	4.73778034	4.7322801	4.74716453	0.00137279421	1.13709634	0	100	0	0	3
534	2186	0	3.78397424	4.73640733	4.73783541	4.7322801	4.74716453	0.00142786229	1.13709634	0	100	0	0	3
535	2191	0	3.79106033	4.73693899	4.73788375	4.7322801	4.74716453	0.00147620483	1.13709634	0	100	0	0	3
536	2196	0	3.79814643	4.73648302	4.7379056	4.7322801	4.74716453	0.00149805193	1.13709634	0	100	0	0	3
537	2201	0	3.80523252	4.73922859	4.7379515	4.7322801	4.74716453	0.00154395026	1.13709634	0	100	0	0	3
538	2206	0	3.81231862	4.73824214	4.7379658	4.7322801	4.74716453	0.00155825541	1.13709634	0	100	0	0	3
539	2211	0	3.81940471	4.74172614	4.73801936	4.7322801	4.74716453	0.00161180736	1.13709634	0	100	0	0	3
540	2216	0	3.8264908	4.74052511	4.73803785	4.7322801	4.74716453	0.00163030574	1.13709634	0	100	0	0	3
541	2221	0	3.8335769	4.74325941	4.73808911	4.7322801	4.74716453	0.00164476539	1.13709634	0	100	0	0	3
542	2225	0	3.84066299	4.74235109	4.73810122	4.7322801	4.74716453	0.00165398784	1.13709634	0	100	0	0	3
543	2230	0	3.84774909	4.74368811	4.73813353	4.7322801	4.74716453	0.00168629784	1.13709634	0	100	0	0	3
544	2236	0	3.85483518	4.74214826	4.73812139	4.7322801	4.74716453	0.00168629784	1.13709634	0	100	0	0	3
545	2241	0	3.86192128	4.74083519	4.73809391	4.7322801	4.74716453	0.00168629784	1.13709634	0	100	0	0	3
546	2246	0	3.86900737	4.73958893	4.73805615	4.7322801	4.74716453	0.00168629784	1.13709634	0	100	0	0	3
547	2251	0	3.87609346	4.73808425	4.73803269	4.7322801	4.74716453	0.00168629784	1.13709634	0	100	0	0	3
548	2256	0	3.88317956	4.73706732	4.73802122	4.7322801	4.74716453	0.00168629784	1.13709634	0	100	0	0	3
549	2260	0	3.89026565	4.73514141	4.73800755	4.7322801	4.74716453	0.00168629784	1.13709634	0	100	0	0	3
550	2265	0	3.89735175	4.7357137	4.73801981	4.7322801	4.74716453	0.00168629784	1.13709634	0	100	0	0	3
551	2270	0	3.90443784	4.73552365	4.73800497	4.7322801	4.74716453	0.00168629784	1.13709634	0	100	0	0	3
552	2275	0	3.91152393	4.73603478	4.73800293	4.7322801	4.74716453	0.00168629784	1.13709634	0	100	0	0	3
553	2280	0	3.91861003	4.73622624	4.73800184	4.7322801	4.74716453	0.00168629784	1.13709634	0	100	0	0	3
554	2285	0	3.92569612	4.73667656	4.73802933	4.7322801	4.74716453	0.00168629784	1.13709634	0	100	0	0	3
555	2289	0	3.93278222	4.73714039	4.73806457	4.7322801	4.74716453	0.00168629784	1.13709634	0	100	0	0	3
556	2295	0	3.93986831	4.73705486	4.73810611	4.7322801	4.74716453	0.00168629784	1.13709634	0	100	0	0	3
557	2299	0	3.9469544	4.73745343	4.73813967	4.7322801	4.74716453	0.00169243796	1.13709634	0	100	0	0	3
558	2304	0	3.9540405	4.73888676	4.73819529	4.7322801	4.74716453	0.00174805377	1.13709634	0	100	0	0	3
559	2309	0	3.96112659	4.74064939	4.73824853	4.7322801	4.74716453	0.00180130025	1.13709634	0	100	0	0	3
560	2314	0	3.96821269	4.74109745	4.73830888	4.7322801	4.74716453	0.00186164315	1.13709634	0	100	0	0	3
561	2319	0	3.97529878	4.74062541	4.73837501	4.7322801	4.74716453	0.00192777348	1.13709634	0	100	0	0	3
562	2324	0	3.98238487	4.74121214	4.73848517	4.7322801	4.74716453	0.00203793257	1.13709634	0	100	0	0	3
563	2328	0	3.98947097	4.74229747	4.7386017	4.7322801	4.74716453	0.00215447106	1.13709634	0	100	0	0	3
564	2333	0	3.99655706	4.74393408	4.73871995	4.7322801	4.74716453	0.00227271391	1.13709634	0	100	0	0	3
565	2337	0	4.00364316	4.74434957	4.73882936	4.7322801	4.74716453	0.00238212814	1.13709634	0	100	0	0	3
566	2342	0	4.01072925	4.74536249	4.7389209	4.7322801	4.74716453	0.00245214764	1.13709634	0	100	0	0	3
567	2347	0	4.01781535	4.7436634	4.73898577	4.7322801	4.74716453	0.00248594823	1.13709634	0	100	0	0	3
568	2352	0	4.02490144	4.74130543	4.73902481	4.7322801	4.74716453	0.0024838912	1.13709634	0	100	0	0	3
569	2357	0	4.03198753	4.73633526	4.73902005	4.7322801	4.74716453	0.00244727853	1.13709634	0	100	0	0	3
570	2361	0	4.03907363	4.73471155	4.73898837	4.7322801	4.74716453	0.00241796322	1.13709634	0	100	0	0	3
571	2366	0	4.04615972	4.73386615	4.73895292	4.7322801	4.74716453	0.00238569798	1.13709634	0	100	0	0	3
572	2371	0	4.05324582	4.73570373	4.73891252	4.7322801	4.74716453	0.00234323302	1.13709634	0	100	0	0	3
573	2376	0	4.06033191	4.73684748	4.73890298	4.7322801	4.74716453	0.00228004074	1.13709634	0	100	0	0	3
574	2381	0	4.067418	4.7382531	4.73888313	4.7322801	4.74716453	0.00224767133	1.13709634	0	100	0	0	3
575	2386	0	4.0745041	4.73884304	4.73889724	4.7322801	4.74716453	0.00224767133	1.13709634	0	100	0	0	3
576	2390	0	4.08159019	4.73883643	4.73890668	4.7322801	4.74716453	0.00224767133	1.13709634	0	100	0	0	3
577	2395	0	4.08867629	4.73747299	4.73892573	4.7322801	4.74716453	0.00224767133	1.13709634	0	100	0	0	3
578	2400	0	4.09576238	4.73692329	4.73892212	4.7322801	4.74716453	0.00224767133	1.13709634	0	100	0	0	3
579	2404	0	4.10284847	4.73564148	4.73894021	4.7322801	4.74716453	0.00224767133	1.13709634	0	100	0	0	3
580	2409	0	4.10993457	4.73343532	4.73892232	4.7322801	4.74716453	0.00224767133	1.13709634	0	100	0	0	3
581	2415	0	4.11702066	4.73284145	4.73893023	4.73284145	4.74716453	0.00224767133	1.13709634	0	100	0	0	3
582	2420	0	4.12410676	4.7319176	4.73887554	4.7319176	4.74716453	0.00224767133	1.13709634	0	100	0	0	3
583	2425	0	4.13119285	4.73168456	4.73882636	4.73168456	4.74716453	0.00223992591	1.13709634	0	100	0	0	3
584	2430	0	4.13827894	4.7324483	4.73873383	4.73168456	4.74716453	0.002236467	1.13709634	0	100	0	0	3
585	2436	0	4.14536504	4.73273628	4.73862734	4.73168456	4.74716453	0.00219853661	1.13709634	0	100	0	0	3
586	2441	0	4.15245113	4.73522563	4.73849168	4.73168456	4.74716453	0.00214368944	1.13709634	0	100	0	0	3
587	2446	0	4.15953723	4.73690073	4.73838104	4.73168456	4.74716453	0.00202342455	1.13709634	0	100	0	0	3
588	2451	0	4.16662332	4.73944146	4.73827226	4.73168456	4.74536249	0.00190301621	1.13709634	0	100	0	0	3
589	2457	0	4.17370941	4.73856351	4.73819974	4.73168456	4.74536249	0.00176011197	1.13709634	0	100	0	0	3
590	2462	0	4.18079551	4.73775839	4.73812042	4.73168456	4.74536249	0.00168962739	1.13709634	0	100	0	0	3
591	2467	0	4.1878816	4.73589408	4.73807037	4.73168456	4.74536249	0.00165308948	1.13709634	0	100	0	0	3
592	2471	0	4.1949677	4.73626878	4.73803231	4.73168456	4.74536249	0.00165308948	1.13709634	0	100	0	0	3
593	2476	0	4.20205379	4.73584347	4.73800031	4.73168456	4.74536249	0.00165308948	1.13709634	0	100	0	0	3
594	2481	0	4.20913989	4.73593124	4.73795029	4.73168456	4.74536249	0.00164704792	1.13709634	0	100	0	0	3
595	2486	0	4.21622598	4.73530681	4.73789646	4.73168456	4.74536249	0.00157553467	1.13709634	0	100	0	0	3
596	2492	0	4.22331207	4.7343273	4.73780381	4.73168456	4.74536249	0.00150235476	1.13709634	0	100	0	0	3
597	2497	0	4.23039817	4.73297222	4.73771383	4.73168456	4.74536249	0.00144634772	1.13709634	0	100	0	0	3
598	2501	0	4.23748426	4.73201442	4.7376324	4.73168456	4.74536249	0.00142594635	1.13709634	0	100	0	0	3
599	2506	0	4.24457036	4.7314783	4.73757322	4.7314783	4.74536249	0.00145158462	1.13709634	0	100	0	0	3
600	2511	0	4.25165645	4.73206955	4.73750921	4.7314783	4.74536249	0.00151559997	1.13709634	0	100	0	0	3
601	2523	0	4.25874254	4.73317426	4.73748145	4.7314783	4.74536249	0.00154335633	1.13709634	0	100	0	0	3
602	2528	0	4.26582864	4.73187296	4.73741078	4.7314783	4.74536249	0.00161402535	1.13709634	0	100	0	0	3
603	2534	0	4.27291473	4.73235588	4.73733736	4.7314783	4.74536249	0.00168745231	1.13709634	0	100	0	0	3
604	2539	0	4.28000083	4.73281859	4.73726251	4.7314783	4.74536249	0.00176230079	1.13709634	0	100	0	0	3
605	2544	0	4.28708692	4.73442785	4.73723463	4.7314783	4.74536249	0.00179018071	1.13709634	0	100	0	0	3
606	2549	0	4.29417301	4.7343422	4.73719805	4.7314783	4.74536249	0.00182675513	1.13709634	0	100	0	0	3
607	2554	0	4.30125911	4.73676271	4.73720199	4.7314783	4.74536249	0.00182675513	1.13709634	0	100	0	0	3
608	2559	0	4.3083452	4.73740376	4.73717629	4.7314783	4.74536249	0.00184851775	1.13709634	0	100	0	0	3
609	2564	0	4.3154313	4.73857004	4.73718091	4.7314783	4.74536249	0.00184851775	1.13709634	0	100	0	0	3
610	2570	0	4.32251739	4.73792739	4.73712741	4.7314783	4.74536249	0.00189740302	1.13709634	0	100	0	0	3
611	2575	0	4.32960348	4.73700929	4.73707789	4.7314783	4.74536249	0.00194692156	1.13709634	0	100	0	0	3
612	2580	0	4.33668958	4.73746867	4.73699633	4.7314783	4.74536249	0.00202848117	1.13709634	0	100	0	0	3
613	2585	0	4.34377567	4.73738275	4.73692635	4.7314783	4.74536249	0.00209845773	1.13709634	0	100	0	0	3
614	2590	0	4.35086177	4.73724878	4.73683566	4.7314783	4.74536249	0.00218915259	1.13709634	0	100	0	0	3
615	2595	0	4.35794786	4.73704891	4.73676383	4.7314783	4.74536249	0.00226097442	1.13709634	0	100	0	0	3
616	2600	0	4.36503396	4.73760468	4.73671833	4.7314783	4.74536249	0.00230647458	1.13709634	0	100	0	0	3
617	2605	0	4.37212005	4.73696103	4.73668132	4.7314783	4.74536249	0.00234348727	1.13709634	0	100	0	0	3
618	2609	0	4.37920614	4.73642782	4.73665799	4.7314783	4.74536249	0.00236681722	1.13709634	0	100	0	0	3
619	2614	0	4.38629224	4.73487899	4.73662717	4.7314783	4.74536249	0.00239763877	1.13709634	0	100	0	0	3
620	2619	0	4.39337833	4.73413785	4.73661304	4.7314783	4.74536249	0.00241177346	1.13709634	0	100	0	0	3
621	2624	0	4.40046443	4.73353282	4.73658232	4.7314783	4.74536249	0.00244249009	1.13709634	0	100	0	0	3
622	2628	0	4.40755052	4.73386959	4.73655902	4.7314783	4.74536249	0.00246578662	1.13709634	0	100	0	0	3
623	2633	0	4.41463661	4.73503407	4.73654493	4.7314783	4.74536249	0.00247988107	1.13709634	0	100	0	0	3
624	2637	0	4.42172271	4.73636315	4.73654686	4.7314783	4.74536249	0.00247988107	1.13709634	0	100	0	0	3
625	2642	0	4.4288088	4.73692003	4.73655029	4.7314783	4.74536249	0.00247988107	1.13709634	0	100	0	0	3
626	2648	0	4.4358949	4.73698524	4.7365481	4.7314783	4.74536249	0.00247988107	1.13709634	0	100	0	0	3
627	2653	0	4.44298099	4.73486506	4.73651726	4.7314783	4.74536249	0.00250755094	1.13709634	0	100	0	0	3
628	2658	0	4.45006708	4.73410829	4.73647014	4.7314783	4.74536249	0.00255466567	1.13709634	0	100	0	0	3
629	2663	0	4.45715318	4.73260248	4.73638163	4.7314783	4.74536249	0.00264317664	1.13709634	0	100	0	0	3
630	2668	0	4.46423927	4.73299798	4.73627387	4.7314783	4.74536249	0.002750943	1.13709634	0	100	0	0	3
631	2674	0	4.47132537	4.7346997	4.73618376	4.7314783	4.74536249	0.00284105213	1.13709634	0	100	0	0	3
632	2680	0	4.47841146	4.7381412	4.73614877	4.7314783	4.74536249	0.00287604105	1.13709634	0	100	0	0	3
633	2685	0	4.48549755	4.74046049	4.73613818	4.7314783	4.74536249	0.00288662769	1.13709634	0	100	0	0	3
634	2690	0	4.49258365	4.74046422	4.73611236	4.7314783	4.74536249	0.00291244816	1.13709634	0	100	0	0	3
635	2696	0	4.49966974	4.73916682	4.73604522	4.7314783	4.74536249	0.00297959273	1.13709634	0	100	0	0	3
636	2701	0	4.50675584	4.7385556	4.73596361	4.7314783	4.74536249	0.00306119799	1.13709634	0	100	0	0	3
637	2706	0	4.51384193	4.73744489	4.7358521	4.7314783	4.7436634	0.00317271346	1.13709634	0	100	0	0	3
638	2711	0	4.52092802	4.73726884	4.73576203	4.7314783	4.74130543	0.00326277764	1.13709634	0	100	0	0	3
639	2716	0	4.52801412	4.73912483	4.73573132	4.7314783	4.74046422	0.00328873023	1.13709634	0	100	0	0	3
640	2722	0	4.53510021	4.74202538	4.73581146	4.7314783	4.74202538	0.00325705577	1.13709634	0	100	0	0	3
641	2728	0	4.54218631	4.74298922	4.73592805	4.7314783	4.74298922	0.00322160035	1.13709634	0	100	0	0	3
642	2734	0	4.5492724	4.74066351	4.73602379	4.7314783	4.74298922	0.00320888713	1.13709634	0	100	0	0	3
643	2739	0	4.5563585	4.73834624	4.736061	4.7314783	4.74298922	0.00320888713	1.13709634	0	100	0	0	3
644	2744	0	4.56344459	4.73643002	4.73605512	4.7314783	4.74298922	0.00320888713	1.13709634	0	100	0	0	3
645	2750	0	4.57053068	4.73720188	4.73604032	4.7314783	4.74298922	0.00320888713	1.13709634	0	100	0	0	3
646	2756	0	4.57761678	4.73776669	4.73602516	4.7314783	4.74298922	0.00320888713	1.13709634	0	100	0	0	3
647	2760	0	4.58470287	4.74057902	4.7360497	4.7314783	4.74298922	0.00320888713	1.13709634	0	100	0	0	3
648	2765	0	4.59178897	4.74051738	4.73609258	4.7314783	4.74298922	0.00320888713	1.13709634	0	100	0	0	3
649	2770	0	4.59887506	4.73923824	4.73612519	4.7314783	4.74298922	0.00320888713	1.13709634	0	100	0	0	3
650	2775	0	4.60596115	4.73706315	4.73614521	4.7314783	4.74298922	0.00319890839	1.13709634	0	100	0	0	3
651	2779	0	4.61304725	4.73513963	4.73616921	4.7314783	4.74298922	0.00319890839	1.13709634	0	100	0	0	3
652	2784	0	4.62013334	4.73530908	4.73620397	4.7314783	4.74298922	0.00314421687	1.13709634	0	100	0	0	3
653	2789	0	4.62721944	4.73702376	4.73627589	4.7314783	4.74298922	0.00309504518	1.13709634	0	100	0	0	3
654	2795	0	4.63430553	4.7411715	4.73640951	4.7314783	4.74298922	0.00300250983	1.13709634	0	100	0	0	3
655	2801	0	4.64139162	4.7432917	4.73656223	4.7314783	4.7432917	0.00289602178	1.13709634	0	100	0	0	3
656	2806	0	4.64847772	4.74324645	4.73671026	4.7314783	4.7432917	0.00276036191	1.13709634	0	100	0	0	3
657	2812	0	4.65556381	4.74074351	4.73678798	4.7314783	4.7432917	0.00264972144	1.13709634	0	100	0	0	3
658	2817	0	4.66264991	4.73863437	4.73681239	4.7314783	4.7432917	0.00254094584	1.13709634	0	100	0	0	3
659	2822	0	4.669736	4.73738076	4.73678337	4.7314783	4.7432917	0.00246842632	1.13709634	0	100	0	0	3
660	2826	0	4.67682209	4.7368854	4.73675973	4.7314783	4.7432917	0.00238910042	1.13709634	0	100	0	0	3
661	2831	0	4.68390819	4.7379473	4.7367624	4.7314783	4.7432917	0.00233905089	1.13709634	0	100	0	0	3
662	2836	0	4.69099428	4.74051305	4.73682745	4.7314783	4.7432917	0.00230099064	1.13709634	0	100	0	0	3
663	2842	0	4.69808038	4.74159274	4.73690244	4.7314783	4.7432917	0.00226899284	1.13709634	0	100	0	0	3
664	2846	0	4.70516647	4.74100825	4.73697518	4.7314783	4.7432917	0.00221897071	1.13709634	0	100	0	0	3
665	2852	0	4.71225257	4.73917301	4.73702084	4.7314783	4.7432917	0.00216513711	1.13709634	0	100	0	0	3
666	2858	0	4.71933866	4.73816078	4.73706104	4.7314783	4.7432917	0.00207248797	1.13709634	0	100	0	0	3
667	2863	0	4.72642475	4.73737584	4.73710397	4.7314783	4.7432917	0.00198251592	1.13709634	0	100	0	0	3
668	2868	0	4.73351085	4.73817101	4.7371772	4.7314783	4.7432917	0.00190107648	1.13709634	0	100	0	0	3
669	2873	0	4.74059694	4.74020063	4.73729249	4.7314783	4.7432917	0.00184190574	1.13709634	0	100	0	0	3
670	2879	0	4.74768304	4.7406611	4.73742183	4.73187296	4.7432917	0.00177789039	1.13709634	0	100	0	0	3
671	2884	0	4.75476913	4.73945835	4.7375259	4.73187296	4.7432917	0.00179457897	1.13709634	0	100	0	0	3
672	2889	0	4.76185522	4.73542109	4.73755754	4.73187296	4.7432917	0.00182622445	1.13709634	0	100	0	0	3
673	2893	0	4.76894132	4.7342562	4.73759111	4.73235588	4.7432917	0.00185979121	1.13709634	0	100	0	0	3
674	2899	0	4.77602741	4.73299253	4.73760008	4.73260248	4.7432917	0.00186875815	1.13709634	0	100	0	0	3
675	2904	0	4.78311351	4.73377646	4.73761357	4.73260248	4.7432917	0.00188224926	1.13709634	0	100	0	0	3
676	2909	0	4.7901996	4.73538639	4.73762707	4.73260248	4.7432917	0.00189574977	1.13709634	0	100	0	0	3
677	2914	0	4.79728569	4.73769197	4.73767425	4.73260248	4.7432917	0.00194292959	1.13709634	0	100	0	0	3
678	2919	0	4.80437179	4.73928853	4.73770982	4.73260248	4.7432917	0.0019785046	1.13709634	0	100	0	0	3
679	2924	0	4.81145788	4.74039151	4.7377519	4.73260248	4.7432917	0.00202058556	1.13709634	0	100	0	0	3
680	2929	0	4.81854398	4.73963203	4.73776686	4.73260248	4.7432917	0.00203554319	1.13709634	0	100	0	0	3
681	2935	0	4.82563007	4.74025668	4.73779967	4.73260248	4.7432917	0.00206835006	1.13709634	0	100	0	0	3
682	2939	0	4.83271616	4.73955764	4.73783556	4.73260248	4.7432917	0.00210424226	1.13709634	0	100	0	0	3
683	2944	0	4.83980226	4.73987822	4.7378695	4.73260248	4.7432917	0.00213817948	1.13709634	0	100	0	0	3
684	2949	0	4.84688835	4.73924997	4.7378958	4.73260248	4.7432917	0.00216447832	1.13709634	0	100	0	0	3
685	2954	0	4.85397445	4.73996897	4.73793411	4.73260248	4.7432917	0.00220279081	1.13709634	0	100	0	0	3
686	2960	0	4.86106054	4.739692	4.73797134	4.73260248	4.7432917	0.00224001743	1.13709634	0	100	0	0	3
687	2965	0	4.86814664	4.73869518	4.7379867	4.73260248	4.7432917	0.0022553765	1.13709634	0	100	0	0	3
688	2970	0	4.87523273	4.73741557	4.7379931	4.73260248	4.7432917	0.00226177845	1.13709634	0	100	0	0	3
689	2975	0	4.88231882	4.73791031	4.73801398	4.73260248	4.7432917	0.00228265849	1.13709634	0	100	0	0	3
690	2980	0	4.88940492	4.73684444	4.73804166	4.73260248	4.7432917	0.0023103409	1.13709634	0	100	0	0	3
691	2985	0	4.89649101	4.73861798	4.73810476	4.73260248	4.7432917	0.00237344135	1.13709634	0	100	0	0	3
692	2990	0	4.90357711	4.73879261	4.73817884	4.73260248	4.7432917	0.00244752282	1.13709634	0	100	0	0	3
693	2995	0	4.9106632	4.74064948	4.73827433	4.73260248	4.7432917	0.00254301422	1.13709634	0	100	0	0	3
694	3000	0	4.91774929	4.73893294	4.73832925	4.73260248	4.7432917	0.00259792778	1.13709634	0	100	0	0	3
695	3005	0	4.92483539	4.73814975	4.73835441	4.73260248	4.7432917	0.00262309105	1.13709634	0	100	0	0	3
696	3009	0	4.93192148	4.73554522	4.73833505	4.73260248	4.7432917	0.00262309105	1.13709634	0	100	0	0	3
697	3014	0	4.93900758	4.73534768	4.73831198	4.73260248	4.7432917	0.00262309105	1.13709634	0	100	0	0	3
698	3019	0	4.94609367	4.73572641	4.73832411	4.73260248	4.7432917	0.00262309105	1.13709634	0	100	0	0	3
699	3024	0	4.95317976	4.73787164	4.73837712	4.73260248	4.7432917	0.0026457998	1.13709634	0	100	0	0	3
700	3029	0	4.96026586	4.73783033	4.73845075	4.73299253	4.7432917	0.00271943146	1.13709634	0	100	0	0	3
701	3041	0	4.96735195	4.73582418	4.73849056	4.73299253	4.7432917	0.0027592372	1.13709634	0	100	0	0	3
702	3047	0	4.97443805	4.73384074	4.73847846	4.73299253	4.7432917	0.0027592372	1.13709634	0	100	0	0	3
703	3053	0	4.98152414	4.73119778	4.73838066	4.73119778	4.7432917	0.0027592372	1.13709634	0	100	0	0	3
704	3058	0	4.98861023	4.73108732	4.73824865	4.73108732	4.7432917	0.0027592372	1.13709634	0	100	0	0	3
705	3062	0	4.99569633	4.73229262	4.73813355	4.73108732	4.7432917	0.0027592372	1.13709634	0	100	0	0	3
706	3068	0	5.00278242	4.73411024	4.73806233	4.73108732	4.7432917	0.0027592372	1.13709634	0	100	0	0	3
707	3073	0	5.00986852	4.73610981	4.73802789	4.73108732	4.7432917	0.0027592372	1.13709634	0	100	0	0	3
708	3078	0	5.01695461	4.73649953	4.73801457	4.73108732	4.7432917	0.0027592372	1.13709634	0	100	0	0	3
709	3083	0	5.0240407	4.73544827	4.73798893	4.73108732	4.7432917	0.0027592372	1.13709634	0	100	0	0	3
710	3088	0	5.0311268	4.73458969	4.73792505	4.73108732	4.7432917	0.0026790946	1.13709634	0	100	0	0	3
711	3093	0	5.03821289	4.73500867	4.73782623	4.73108732	4.7432917	0.00256250758	1.13709634	0	100	0	0	3
712	3098	0	5.04529899	4.73581874	4.73772523	4.73108732	4.7432917	0.00246677016	1.13709634	0	100	0	0	3
713	3104	0	5.05238508	4.73747702	4.73768035	4.73108732	4.7432917	0.00246539727	1.13709634	0	100	0	0	3
714	3109	0	5.05947118	4.73944345	4.73769581	4.73108732	4.7432917	0.00246539727	1.13709634	0	100	0	0	3
715	3114	0	5.06655727	4.73873031	4.73772821	4.73108732	4.7432917	0.00246539727	1.13709634	0	100	0	0	3
716	3119	0	5.07364336	4.73800041	4.73773945	4.73108732	4.7432917	0.00246539727	1.13709634	0	100	0	0	3
717	3124	0	5.08072946	4.73537712	4.7377058	4.73108732	4.7432917	0.00244085383	1.13709634	0	100	0	0	3
718	3130	0	5.08781555	4.73374137	4.73760949	4.73108732	4.7432917	0.00239797508	1.13709634	0	100	0	0	3
719	3135	0	5.09490165	4.73266582	4.73749891	4.73108732	4.7432917	0.00236537014	1.13709634	0	100	0	0	3
720	3140	0	5.10198774	4.7346151	4.73743379	4.73108732	4.7432917	0.0023453466	1.13709634	0	100	0	0	3
721	3144	0	5.10907383	4.73718388	4.73743549	4.73108732	4.7432917	0.00232134227	1.13709634	0	100	0	0	3
722	3148	0	5.11615993	4.73991508	4.73750275	4.73108732	4.7432917	0.00228658688	1.13709634	0	100	0	0	3
723	3154	0	5.12324602	4.74036705	4.73757399	4.73108732	4.7432917	0.00221466921	1.13709634	0	100	0	0	3
724	3159	0	5.13033212	4.74051254	4.73762313	4.73108732	4.7432917	0.00208105025	1.13709634	0	100	0	0	3
725	3164	0	5.13741821	4.73955232	4.73760032	4.73108732	4.7432917	0.00192832625	1.13709634	0	100	0	0	3
726	3169	0	5.1445043	4.74095451	4.73756741	4.73108732	4.74324645	0.00178029567	1.13709634	0	100	0	0	3
727	3174	0	5.1515904	4.74275718	4.73756052	4.73108732	4.74275718	0.00173082074	1.13709634	0	100	0	0	3
728	3180	0	5.15867649	4.74565813	4.73762974	4.73108732	4.74565813	0.00173082074	1.13709634	0	100	0	0	3
729	3185	0	5.16576259	4.74582523	4.73773101	4.73108732	4.74582523	0.00173082074	1.13709634	0	100	0	0	3
730	3190	0	5.17284868	4.74487578	4.73783658	4.73108732	4.74582523	0.00173082074	1.13709634	0	100	0	0	3
731	3195	0	5.17993477	4.74235529	4.73791362	4.73108732	4.74582523	0.00172816001	1.13709634	0	100	0	0	3
732	3200	0	5.18702087	4.74192712	4.73796967	4.73108732	4.74582523	0.00166310402	1.13709634	0	100	0	0	3
733	3206	0	5.19410696	4.74156382	4.73798447	4.73108732	4.74582523	0.00158811865	1.13709634	0	100	0	0	3
734	3211	0	5.20119306	4.74316784	4.73800666	4.73108732	4.74582523	0.00151537528	1.13709634	0	100	0	0	3
735	3216	0	5.20827915	4.7443222	4.73805333	4.73108732	4.74582523	0.00146971649	1.13709634	0	100	0	0	3
736	3222	0	5.21536525	4.74569259	4.73814516	4.73108732	4.74582523	0.00142951961	1.13709634	0	100	0	0	3
737	3227	0	5.22245134	4.74424896	4.73823091	4.73108732	4.74582523	0.00138658233	1.13709634	0	100	0	0	3
738	3232	0	5.22953743	4.74268189	4.73830564	4.73108732	4.74582523	0.00131335995	1.13709634	0	100	0	0	3
739	3237	0	5.23662353	4.73964762	4.73832644	4.73108732	4.74582523	0.00119806111	1.13709634	0	100	0	0	3
740	3241	0	5.24370962	4.7369376	4.73828048	4.73108732	4.74582523	0.00106872591	1.13709634	0	100	0	0	3
741	3246	0	5.25079572	4.73565287	4.73820994	4.73108732	4.74582523	0.00105676278	1.13709634	0	100	0	0	3
742	3252	0	5.25788181	4.7344524	4.73813943	4.73108732	4.74582523	0.00105676278	1.13709634	0	100	0	0	3
743	3257	0	5.2649679	4.73381262	4.73811678	4.73108732	4.74582523	0.00105676278	1.13709634	0	100	0	0	3
744	3263	0	5.272054	4.73514605	4.73812931	4.73108732	4.74582523	0.00105676278	1.13709634	0	100	0	0	3
745	3268	0	5.27914009	4.73676663	4.73818247	4.73108732	4.74582523	0.00105676278	1.13709634	0	100	0	0	3
746	3274	0	5.28622619	4.73845169	4.73824832	4.73108732	4.74582523	0.00105676278	1.13709634	0	100	0	0	3
747	3280	0	5.29331228	4.73913142	4.73830106	4.73108732	4.74582523	0.00105676278	1.13709634	0	100	0	0	3
748	3285	0	5.30039837	4.7389462	4.73831873	4.73108732	4.74582523	0.00105676278	1.13709634	0	100	0	0	3
749	3291	0	5.30748447	4.73930236	4.73831892	4.73108732	4.74582523	0.00105676278	1.13709634	0	100	0	0	3
750	3296	0	5.31457056	4.73862838	4.73829409	4.73108732	4.74582523	0.00105676278	1.13709634	0	100	0	0	3
751	3301	0	5.32165666	4.73900561	4.73828527	4.73108732	4.74582523	0.00105676278	1.13709634	0	100	0	0	3
752	3306	0	5.32874275	4.73796941	4.73825305	4.73108732	4.74582523	0.00105676278	1.13709634	0	100	0	0	3
753	3311	0	5.33582884	4.73794527	4.73823034	4.73108732	4.74582523	0.00105676278	1.13709634	0	100	0	0	3
754	3315	0	5.34291494	4.73695752	4.73818921	4.73108732	4.74582523	0.00105676278	1.13709634	0	100	0	0	3
755	3322	0	5.35000103	4.73757972	4.73816568	4.73108732	4.74582523	0.00105676278	1.13709634	0	100	0	0	3
756	3327	0	5.35708713	4.73692508	4.73812281	4.73108732	4.74582523	0.00105676278	1.13709634	0	100	0	0	3
757	3332	0	5.36417322	4.73772325	4.73809508	4.73108732	4.74582523	0.00105676278	1.13709634	0	100	0	0	3
758	3337	0	5.37125931	4.73529122	4.73804714	4.73108732	4.74582523	0.00105676278	1.13709634	0	100	0	0	3
759	3342	0	5.37834541	4.7359421	4.73802639	4.73108732	4.74582523	0.00105676278	1.13709634	0	100	0	0	3
760	3346	0	5.3854315	4.73360903	4.7379658	4.73108732	4.74582523	0.00105676278	1.13709634	0	100	0	0	3
761	3352	0	5.3925176	4.73370928	4.73792165	4.73108732	4.74582523	0.00105676278	1.13709634	0	100	0	0	3
762	3357	0	5.39960369	4.73217703	4.73783093	4.73108732	4.74582523	0.00105676278	1.13709634	0	100	0	0	3
763	3363	0	5.40668979	4.73266654	4.73774465	4.73108732	4.74582523	0.00105676278	1.13709634	0	100	0	0	3
764	3368	0	5.41377588	4.73154904	4.73761647	4.73108732	4.74582523	0.00105676278	1.13709634	0	100	0	0	3
765	3373	0	5.42086197	4.73361019	4.7375415	4.73108732	4.74582523	0.00105676278	1.13709634	0	100	0	0	3
766	3378	0	5.42794807	4.73331157	4.73747336	4.73108732	4.74582523	0.00105676278	1.13709634	0	100	0	0	3
767	3384	0	5.43503416	4.73273697	4.73743381	4.73108732	4.74582523	0.00105676278	1.13709634	0	100	0	0	3
768	3390	0	5.44212026	4.73206398	4.73738756	4.73108732	4.74582523	0.00110299745	1.13709634	0	100	0	0	3
769	3394	0	5.44920635	4.73271541	4.73734515	4.73108732	4.74582523	0.00114540593	1.13709634	0	100	0	0	3
770	3400	0	5.45629244	4.73498304	4.73730447	4.73108732	4.74582523	0.00118609043	1.13709634	0	100	0	0	3
771	3405	0	5.46337854	4.7376995	4.73730262	4.73108732	4.74582523	0.00118793307	1.13709634	0	100	0	0	3
772	3410	0	5.47046463	4.7396213	4.7373561	4.73108732	4.74582523	0.00117583501	1.13709634	0	100	0	0	3
773	3416	0	5.47755073	4.74022613	4.73744604	4.73108732	4.74582523	0.00107804039	1.13709634	0	100	0	0	3
774	3421	0	5.48463682	4.73945101	4.73756228	4.73108732	4.74582523	0.00102381413	1.13709634	0	100	0	0	3
775	3426	0	5.49172291	4.7377592	4.73765625	4.73154904	4.74582523	0.00102381413	1.13709634	0	100	0	0	3
776	3431	0	5.49880901	4.73543809	4.73770055	4.73154904	4.74582523	0.00102381413	1.13709634	0	100	0	0	3
777	3437	0	5.5058951	4.73404205	4.73769959	4.73154904	4.74582523	0.00102381413	1.13709634	0	100	0	0	3
778	3442	0	5.5129812	4.73292654	4.73765476	4.73154904	4.74582523	0.00102381413	1.13709634	0	100	0	0	3
779	3447	0	5.52006729	4.73331569	4.73760992	4.73154904	4.74582523	0.00102381413	1.13709634	0	100	0	0	3
780	3452	0	5.52715338	4.7340923	4.73759082	4.73154904	4.74582523	0.00102381413	1.13709634	0	100	0	0	3
781	3456	0	5.53423948	4.73465844	4.73759179	4.73154904	4.74582523	0.00102381413	1.13709634	0	100	0	0	3
782	3461	0	5.54132557	4.73457706	4.73758571	4.73154904	4.74582523	0.00102381413	1.13709634	0	100	0	0	3
783	3467	0	5.54841167	4.73439576	4.73756566	4.73154904	4.74582523	0.00102381413	1.13709634	0	100	0	0	3
784	3471	0	5.55549776	4.73521511	4.73753381	4.73154904	4.74582523	0.00102381413	1.13709634	0	100	0	0	3
785	3477	0	5.56258386	4.73613173	4.73748716	4.73154904	4.74582523	0.00102381413	1.13709634	0	100	0	0	3
786	3482	0	5.56966995	4.73833735	4.73748163	4.73154904	4.74582523	0.00102381413	1.13709634	0	100	0	0	3
787	3487	0	5.57675604	4.73834296	4.73748645	4.73154904	4.74582523	0.00102381413	1.13709634	0	100	0	0	3
788	3492	0	5.58384214	4.73846662	4.73752997	4.73154904	4.74582523	0.00102381413	1.13709634	0	100	0	0	3
789	3497	0	5.59092823	4.7365655	4.73756974	4.73154904	4.74582523	0.00102381413	1.13709634	0	100	0	0	3
790	3503	0	5.59801433	4.73519102	4.73760531	4.73154904	4.74582523	0.00102381413	1.13709634	0	100	0	0	3
791	3509	0	5.60510042	4.73363217	4.73759147	4.73154904	4.74582523	0.00102381413	1.13709634	0	100	0	0	3
792	3514	0	5.61218651	4.73334878	4.73753745	4.73154904	4.74582523	0.00102381413	1.13709634	0	100	0	0	3
793	3520	0	5.61927261	4.73239603	4.73743155	4.73154904	4.74582523	0.00102381413	1.13709634	0	100	0	0	3
794	3525	0	5.6263587	4.73401466	4.73734208	4.73154904	4.74582523	0.00102381413	1.13709634	0	100	0	0	3
795	3529	0	5.6334448	4.73547352	4.73727111	4.73154904	4.74582523	0.00105533137	1.13709634	0	100	0	0	3
796	3535	0	5.64053089	4.73688103	4.73723348	4.73154904	4.74582523	0.00109295516	1.13709634	0	100	0	0	3
797	3539	0	5.64761698	4.73676137	4.73717442	4.73154904	4.74582523	0.00115201348	1.13709634	0	100	0	0	3
798	3544	0	5.65470308	4.73765226	4.73710252	4.73154904	4.74582523	0.00122391376	1.13709634	0	100	0	0	3
799	3549	0	5.66178917	4.73778199	4.73699159	4.73154904	4.74582523	0.00133484526	1.13709634	0	100	0	0	3
800	3555	0	5.66887527	4.73817354	4.73688382	4.73154904	4.74569259	0.00144261554	1.13709634	0	100	0	0	3
801	3568	0	5.67596136	4.7391267	4.73680285	4.73154904	4.74569259	0.0015235885	1.13709634	0	100	0	0	3
802	3574	0	5.68304745	4.74161387	4.73679241	4.73154904	4.74569259	0.00153403105	1.13709634	0	100	0	0	3
803	3579	0	5.69013355	4.74231446	4.73679786	4.73154904	4.74569259	0.00153403105	1.13709634	0	100	0	0	3
804	3585	0	5.69721964	4.74215961	4.73680625	4.73154904	4.74569259	0.00153403105	1.13709634	0	100	0	0	3
805	3589	0	5.70430574	4.74182272	4.73678731	4.73154904	4.74569259	0.00153912953	1.13709634	0	100	0	0	3
806	3594	0	5.71139183	4.74134443	4.73674537	4.73154904	4.74569259	0.00158106992	1.13709634	0	100	0	0	3
807	3600	0	5.71847792	4.74182398	4.73669088	4.73154904	4.74424896	0.00163555732	1.13709634	0	100	0	0	3
808	3606	0	5.72556402	4.74224961	4.73666272	4.73154904	4.74268189	0.00166371729	1.13709634	0	100	0	0	3
809	3611	0	5.73265011	4.74161282	4.73664766	4.73154904	4.74231446	0.00167877464	1.13709634	0	100	0	0	3
810	3616	0	5.73973621	4.74127748	4.73667062	4.73154904	4.74231446	0.00167126171	1.13709634	0	100	0	0	3
811	3622	0	5.7468223	4.74062832	4.7367226	4.73154904	4.74231446	0.00167126171	1.13709634	0	100	0	0	3
812	3628	0	5.7539084	4.73991999	4.7367827	4.73154904	4.74231446	0.00167126171	1.13709634	0	100	0	0	3
813	3633	0	5.76099449	4.73952057	4.73685408	4.73154904	4.74231446	0.00167126171	1.13709634	0	100	0	0	3
814	3638	0	5.76808058	4.74030105	4.73694547	4.73154904	4.74231446	0.00167126171	1.13709634	0	100	0	0	3
815	3643	0	5.77516668	4.74026727	4.7370176	4.73154904	4.74231446	0.00167126171	1.13709634	0	100	0	0	3
816	3648	0	5.78225277	4.74150514	4.73708434	4.73154904	4.74231446	0.00167126171	1.13709634	0	100	0	0	3
817	3653	0	5.78933887	4.74123869	4.73712359	4.73154904	4.74231446	0.00167126171	1.13709634	0	100	0	0	3
818	3658	0	5.79642496	4.74117533	4.73715238	4.73154904	4.74231446	0.00167126171	1.13709634	0	100	0	0	3
819	3664	0	5.80351105	4.73937213	4.73715838	4.73154904	4.74231446	0.00167126171	1.13709634	0	100	0	0	3
820	3669	0	5.81059715	4.73825434	4.73714362	4.73154904	4.74231446	0.00164642893	1.13709634	0	100	0	0	3
821	3675	0	5.81768324	4.737308	4.73712502	4.73154904	4.74231446	0.00163760619	1.13709634	0	100	0	0	3
822	3680	0	5.82476934	4.73780889	4.73710817	4.73154904	4.74231446	0.00160539118	1.13709634	0	100	0	0	3
823	3685	0	5.83185543	4.73721248	4.7370975	4.73154904	4.74231446	0.0015826818	1.13709634	0	100	0	0	3
824	3690	0	5.83894152	4.7367764	4.73708104	4.73154904	4.74231446	0.00154154524	1.13709634	0	100	0	0	3
825	3696	0	5.84602762	4.73609411	4.73706888	4.73154904	4.74231446	0.00151802055	1.13709634	0	100	0	0	3
826	3700	0	5.85311371	4.73673379	4.73705697	4.73154904	4.74231446	0.00147514889	1.13709634	0	100	0	0	3
827	3705	0	5.86019981	4.73571123	4.73703987	4.73154904	4.74231446	0.00144741998	1.13709634	0	100	0	0	3
828	3710	0	5.8672859	4.73565374	4.73701072	4.73154904	4.74231446	0.00139947695	1.13709634	0	100	0	0	3
829	3715	0	5.87437199	4.73439861	4.73699815	4.73154904	4.74231446	0.00137872393	1.13709634	0	100	0	0	3
830	3719	0	5.88145809	4.73628769	4.73700302	4.73154904	4.74231446	0.00131814254	1.13709634	0	100	0	0	3
831	3725	0	5.88854418	4.73648765	4.73704356	4.73154904	4.74231446	0.00127398524	1.13709634	0	100	0	0	3
