Iteration	CPUTime	PhysTime	Travels
1	15	0	0.00708609408
2	17	0	0.0141721882
3	19	0	0.0212582822
4	21	0	0.0283443763
5	23	0	0.0354304704
6	25	0	0.0425165645
7	27	0	0.0496026586
8	29	0	0.0566887527
9	31	0	0.0637748467
10	33	0	0.0708609408
11	35	0	0.0779470349
12	37	0	0.085033129
13	39	0	0.0921192231
14	41	0	0.0992053172
15	43	0	0.106291411
16	45	0	0.113377505
17	47	0	0.120463599
18	49	0	0.127549693
19	51	0	0.134635788
20	53	0	0.141721882
21	55	0	0.148807976
22	57	0	0.15589407
23	59	0	0.162980164
24	61	0	0.170066258
25	63	0	0.177152352
26	65	0	0.184238446
27	67	0	0.19132454
28	69	0	0.198410634
29	71	0	0.205496728
30	73	0	0.212582822
31	75	0	0.219668917
32	77	0	0.226755011
33	79	0	0.233841105
34	81	0	0.240927199
35	83	0	0.248013293
36	85	0	0.255099387
37	87	0	0.262185481
38	89	0	0.269271575
39	91	0	0.276357669
40	93	0	0.283443763
41	95	0	0.290529857
42	97	0	0.297615951
43	99	0	0.304702046
44	101	0	0.31178814
45	103	0	0.318874234
46	105	0	0.325960328
47	107	0	0.333046422
48	110	0	0.340132516
49	112	0	0.34721861
50	114	0	0.354304704
51	116	0	0.361390798
52	118	0	0.368476892
53	119	0	0.375562986
54	121	0	0.38264908
55	123	0	0.389735175
56	125	0	0.396821269
57	127	0	0.403907363
58	129	0	0.410993457
59	131	0	0.418079551
60	133	0	0.425165645
61	135	0	0.432251739
62	137	0	0.439337833
63	139	0	0.446423927
64	141	0	0.453510021
65	143	0	0.460596115
66	145	0	0.467682209
67	147	0	0.474768304
68	149	0	0.481854398
69	151	0	0.488940492
70	152	0	0.496026586
71	154	0	0.50311268
72	156	0	0.510198774
73	158	0	0.517284868
74	160	0	0.524370962
75	162	0	0.531457056
76	164	0	0.53854315
77	166	0	0.545629244
78	168	0	0.552715338
79	170	0	0.559801433
80	172	0	0.566887527
81	174	0	0.573973621
82	176	0	0.581059715
83	178	0	0.588145809
84	180	0	0.595231903
85	182	0	0.602317997
86	184	0	0.609404091
87	186	0	0.616490185
88	188	0	0.623576279
89	190	0	0.630662373
90	192	0	0.637748467
91	194	0	0.644834562
92	196	0	0.651920656
93	198	0	0.65900675
94	200	0	0.666092844
95	201	0	0.673178938
96	203	0	0.680265032
97	205	0	0.687351126
98	207	0	0.69443722
99	209	0	0.701523314
100	211	0	0.708609408
101	216	0	0.715695502
102	218	0	0.722781596
103	220	0	0.729867691
104	222	0	0.736953785
105	224	0	0.744039879
106	225	0	0.751125973
107	227	0	0.758212067
108	229	0	0.765298161
109	231	0	0.772384255
110	233	0	0.779470349
111	235	0	0.786556443
112	237	0	0.793642537
113	239	0	0.800728631
114	241	0	0.807814725
115	243	0	0.81490082
116	245	0	0.821986914
117	247	0	0.829073008
118	248	0	0.836159102
119	250	0	0.843245196
120	252	0	0.85033129
121	254	0	0.857417384
122	256	0	0.864503478
123	258	0	0.871589572
124	260	0	0.878675666
125	262	0	0.88576176
126	264	0	0.892847854
127	266	0	0.899933949
128	268	0	0.907020043
129	270	0	0.914106137
130	271	0	0.921192231
131	273	0	0.928278325
132	275	0	0.935364419
133	277	0	0.942450513
134	279	0	0.949536607
135	281	0	0.956622701
136	283	0	0.963708795
137	285	0	0.970794889
138	287	0	0.977880983
139	289	0	0.984967078
140	291	0	0.992053172
141	293	0	0.999139266
142	295	0	1.00622536
143	296	0	1.01331145
144	298	0	1.02039755
145	300	0	1.02748364
146	302	0	1.03456974
147	304	0	1.04165583
148	306	0	1.04874192
149	308	0	1.05582802
150	310	0	1.06291411
151	312	0	1.07000021
152	314	0	1.0770863
153	316	0	1.08417239
154	318	0	1.09125849
155	319	0	1.09834458
156	321	0	1.10543068
157	323	0	1.11251677
158	325	0	1.11960287
159	327	0	1.12668896
160	329	0	1.13377505
161	331	0	1.14086115
162	333	0	1.14794724
163	335	0	1.15503334
164	336	0	1.16211943
165	338	0	1.16920552
166	340	0	1.17629162
167	342	0	1.18337771
168	344	0	1.19046381
169	346	0	1.1975499
170	348	0	1.20463599
171	350	0	1.21172209
172	352	0	1.21880818
173	354	0	1.22589428
174	356	0	1.23298037
175	358	0	1.24006646
176	363	0	1.24715256
177	369	0	1.25423865
178	374	0	1.26132475
179	381	0	1.26841084
180	388	0	1.27549693
181	394	0	1.28258303
182	400	0	1.28966912
183	407	0	1.29675522
184	414	0	1.30384131
185	421	0	1.31092741
186	427	0	1.3180135
187	433	0	1.32509959
188	439	0	1.33218569
189	445	0	1.33927178
190	451	0	1.34635788
191	458	0	1.35344397
192	465	0	1.36053006
193	472	0	1.36761616
194	478	0	1.37470225
195	485	0	1.38178835
196	491	0	1.38887444
197	497	0	1.39596053
198	504	0	1.40304663
199	509	0	1.41013272
200	516	0	1.41721882
201	529	0	1.42430491
202	536	0	1.431391
203	542	0	1.4384771
204	547	0	1.44556319
205	552	0	1.45264929
206	557	0	1.45973538
207	562	0	1.46682148
208	566	0	1.47390757
209	572	0	1.48099366
210	577	0	1.48807976
211	582	0	1.49516585
212	587	0	1.50225195
213	591	0	1.50933804
214	596	0	1.51642413
215	601	0	1.52351023
216	607	0	1.53059632
217	612	0	1.53768242
218	616	0	1.54476851
219	621	0	1.5518546
220	626	0	1.5589407
221	631	0	1.56602679
222	635	0	1.57311289
223	640	0	1.58019898
224	645	0	1.58728507
225	650	0	1.59437117
226	654	0	1.60145726
227	659	0	1.60854336
228	663	0	1.61562945
229	668	0	1.62271555
230	673	0	1.62980164
231	678	0	1.63688773
232	683	0	1.64397383
233	687	0	1.65105992
234	692	0	1.65814602
235	698	0	1.66523211
236	702	0	1.6723182
237	707	0	1.6794043
238	712	0	1.68649039
239	717	0	1.69357649
240	722	0	1.70066258
241	726	0	1.70774867
242	731	0	1.71483477
243	736	0	1.72192086
244	741	0	1.72900696
245	745	0	1.73609305
246	750	0	1.74317914
247	754	0	1.75026524
248	759	0	1.75735133
249	764	0	1.76443743
250	768	0	1.77152352
251	773	0	1.77860961
252	778	0	1.78569571
253	783	0	1.7927818
254	787	0	1.7998679
255	792	0	1.80695399
256	796	0	1.81404009
257	801	0	1.82112618
258	806	0	1.82821227
259	811	0	1.83529837
260	816	0	1.84238446
261	821	0	1.84947056
262	826	0	1.85655665
263	831	0	1.86364274
264	836	0	1.87072884
265	840	0	1.87781493
266	845	0	1.88490103
267	850	0	1.89198712
268	854	0	1.89907321
269	859	0	1.90615931
270	863	0	1.9132454
271	868	0	1.9203315
272	873	0	1.92741759
273	878	0	1.93450368
274	884	0	1.94158978
275	889	0	1.94867587
276	893	0	1.95576197
277	898	0	1.96284806
278	903	0	1.96993416
279	908	0	1.97702025
280	912	0	1.98410634
281	917	0	1.99119244
282	922	0	1.99827853
283	927	0	2.00536463
284	932	0	2.01245072
285	937	0	2.01953681
286	943	0	2.02662291
287	948	0	2.033709
288	953	0	2.0407951
289	958	0	2.04788119
290	963	0	2.05496728
291	968	0	2.06205338
292	972	0	2.06913947
293	977	0	2.07622557
294	982	0	2.08331166
295	987	0	2.09039775
296	992	0	2.09748385
297	997	0	2.10456994
298	1002	0	2.11165604
299	1007	0	2.11874213
300	1012	0	2.12582822
301	1024	0	2.13291432
302	1029	0	2.14000041
303	1034	0	2.14708651
304	1039	0	2.1541726
305	1044	0	2.1612587
306	1049	0	2.16834479
307	1054	0	2.17543088
308	1058	0	2.18251698
309	1063	0	2.18960307
310	1068	0	2.19668917
311	1073	0	2.20377526
312	1078	0	2.21086135
313	1083	0	2.21794745
314	1087	0	2.22503354
315	1092	0	2.23211964
316	1097	0	2.23920573
317	1102	0	2.24629182
318	1107	0	2.25337792
319	1111	0	2.26046401
320	1116	0	2.26755011
321	1121	0	2.2746362
322	1126	0	2.28172229
323	1131	0	2.28880839
324	1135	0	2.29589448
325	1141	0	2.30298058
326	1146	0	2.31006667
327	1151	0	2.31715277
328	1156	0	2.32423886
329	1162	0	2.33132495
330	1166	0	2.33841105
331	1172	0	2.34549714
332	1176	0	2.35258324
333	1181	0	2.35966933
334	1186	0	2.36675542
335	1192	0	2.37384152
336	1198	0	2.38092761
337	1203	0	2.38801371
338	1209	0	2.3950998
339	1214	0	2.40218589
340	1220	0	2.40927199
341	1224	0	2.41635808
342	1229	0	2.42344418
343	1234	0	2.43053027
344	1239	0	2.43761636
345	1244	0	2.44470246
346	1249	0	2.45178855
347	1254	0	2.45887465
348	1259	0	2.46596074
349	1264	0	2.47304683
350	1269	0	2.48013293
351	1273	0	2.48721902
352	1278	0	2.49430512
353	1283	0	2.50139121
354	1288	0	2.50847731
355	1293	0	2.5155634
356	1297	0	2.52264949
357	1302	0	2.52973559
358	1307	0	2.53682168
359	1312	0	2.54390778
360	1316	0	2.55099387
361	1321	0	2.55807996
362	1326	0	2.56516606
363	1331	0	2.57225215
364	1337	0	2.57933825
365	1341	0	2.58642434
366	1346	0	2.59351043
367	1351	0	2.60059653
368	1356	0	2.60768262
369	1361	0	2.61476872
370	1365	0	2.62185481
371	1370	0	2.6289409
372	1375	0	2.636027
373	1380	0	2.64311309
374	1386	0	2.65019919
375	1390	0	2.65728528
376	1395	0	2.66437138
377	1400	0	2.67145747
378	1405	0	2.67854356
379	1411	0	2.68562966
380	1415	0	2.69271575
381	1420	0	2.69980185
382	1425	0	2.70688794
383	1429	0	2.71397403
384	1434	0	2.72106013
385	1439	0	2.72814622
386	1443	0	2.73523232
387	1448	0	2.74231841
388	1453	0	2.7494045
389	1458	0	2.7564906
390	1463	0	2.76357669
391	1468	0	2.77066279
392	1473	0	2.77774888
393	1479	0	2.78483497
394	1484	0	2.79192107
395	1489	0	2.79900716
396	1493	0	2.80609326
397	1498	0	2.81317935
398	1503	0	2.82026545
399	1508	0	2.82735154
400	1513	0	2.83443763
401	1525	0	2.84152373
402	1530	0	2.84860982
403	1535	0	2.85569592
404	1540	0	2.86278201
405	1545	0	2.8698681
406	1550	0	2.8769542
407	1555	0	2.88404029
408	1560	0	2.89112639
409	1564	0	2.89821248
410	1569	0	2.90529857
411	1574	0	2.91238467
412	1579	0	2.91947076
413	1584	0	2.92655686
414	1589	0	2.93364295
415	1593	0	2.94072904
416	1598	0	2.94781514
417	1602	0	2.95490123
418	1607	0	2.96198733
419	1612	0	2.96907342
420	1617	0	2.97615951
421	1622	0	2.98324561
422	1627	0	2.9903317
423	1631	0	2.9974178
424	1636	0	3.00450389
425	1641	0	3.01158999
426	1647	0	3.01867608
427	1652	0	3.02576217
428	1657	0	3.03284827
429	1662	0	3.03993436
430	1667	0	3.04702046
431	1671	0	3.05410655
432	1677	0	3.06119264
433	1682	0	3.06827874
434	1687	0	3.07536483
435	1692	0	3.08245093
436	1696	0	3.08953702
437	1701	0	3.09662311
438	1707	0	3.10370921
439	1712	0	3.1107953
440	1716	0	3.1178814
441	1721	0	3.12496749
442	1726	0	3.13205358
443	1730	0	3.13913968
444	1736	0	3.14622577
445	1741	0	3.15331187
446	1745	0	3.16039796
447	1751	0	3.16748406
448	1756	0	3.17457015
449	1761	0	3.18165624
450	1766	0	3.18874234
451	1770	0	3.19582843
452	1775	0	3.20291453
453	1779	0	3.21000062
454	1784	0	3.21708671
455	1788	0	3.22417281
456	1794	0	3.2312589
457	1798	0	3.238345
458	1804	0	3.24543109
459	1809	0	3.25251718
460	1814	0	3.25960328
461	1818	0	3.26668937
462	1823	0	3.27377547
463	1827	0	3.28086156
464	1833	0	3.28794765
465	1837	0	3.29503375
466	1842	0	3.30211984
467	1848	0	3.30920594
468	1853	0	3.31629203
469	1858	0	3.32337812
470	1862	0	3.33046422
471	1868	0	3.33755031
472	1873	0	3.34463641
473	1878	0	3.3517225
474	1883	0	3.3588086
475	1888	0	3.36589469
476	1892	0	3.37298078
477	1897	0	3.38006688
478	1902	0	3.38715297
479	1907	0	3.39423907
480	1912	0	3.40132516
481	1917	0	3.40841125
482	1921	0	3.41549735
483	1926	0	3.42258344
484	1930	0	3.42966954
485	1935	0	3.43675563
486	1940	0	3.44384172
487	1945	0	3.45092782
488	1950	0	3.45801391
489	1955	0	3.46510001
490	1959	0	3.4721861
491	1965	0	3.47927219
492	1969	0	3.48635829
493	1974	0	3.49344438
494	1978	0	3.50053048
495	1984	0	3.50761657
496	1989	0	3.51470267
497	1994	0	3.52178876
498	1999	0	3.52887485
499	2005	0	3.53596095
500	2010	0	3.54304704
501	2022	0	3.55013314
502	2027	0	3.55721923
503	2032	0	3.56430532
504	2037	0	3.57139142
505	2042	0	3.57847751
506	2046	0	3.58556361
507	2052	0	3.5926497
508	2057	0	3.59973579
509	2062	0	3.60682189
510	2067	0	3.61390798
511	2072	0	3.62099408
512	2078	0	3.62808017
513	2083	0	3.63516626
514	2088	0	3.64225236
515	2093	0	3.64933845
516	2098	0	3.65642455
517	2103	0	3.66351064
518	2108	0	3.67059673
519	2113	0	3.67768283
520	2117	0	3.68476892
521	2123	0	3.69185502
522	2128	0	3.69894111
523	2133	0	3.70602721
524	2138	0	3.7131133
525	2143	0	3.72019939
526	2147	0	3.72728549
527	2152	0	3.73437158
528	2156	0	3.74145768
529	2161	0	3.74854377
530	2166	0	3.75562986
531	2171	0	3.76271596
532	2176	0	3.76980205
533	2181	0	3.77688815
534	2186	0	3.78397424
535	2191	0	3.79106033
536	2196	0	3.79814643
537	2201	0	3.80523252
538	2206	0	3.81231862
539	2211	0	3.81940471
540	2216	0	3.8264908
541	2221	0	3.8335769
542	2225	0	3.84066299
543	2230	0	3.84774909
544	2236	0	3.85483518
545	2241	0	3.86192128
546	2246	0	3.86900737
547	2251	0	3.87609346
548	2256	0	3.88317956
549	2260	0	3.89026565
550	2265	0	3.89735175
551	2270	0	3.90443784
552	2275	0	3.91152393
553	2280	0	3.91861003
554	2285	0	3.92569612
555	2289	0	3.93278222
556	2295	0	3.93986831
557	2299	0	3.9469544
558	2304	0	3.9540405
559	2309	0	3.96112659
560	2314	0	3.96821269
561	2319	0	3.97529878
562	2324	0	3.98238487
563	2328	0	3.98947097
564	2333	0	3.99655706
565	2337	0	4.00364316
566	2342	0	4.01072925
567	2347	0	4.01781535
568	2352	0	4.02490144
569	2357	0	4.03198753
570	2361	0	4.03907363
571	2366	0	4.04615972
572	2371	0	4.05324582
573	2376	0	4.06033191
574	2381	0	4.067418
575	2386	0	4.0745041
576	2390	0	4.08159019
577	2395	0	4.08867629
578	2400	0	4.09576238
579	2404	0	4.10284847
580	2409	0	4.10993457
581	2415	0	4.11702066
582	2420	0	4.12410676
583	2425	0	4.13119285
584	2430	0	4.13827894
585	2436	0	4.14536504
586	2441	0	4.15245113
587	2446	0	4.15953723
588	2451	0	4.16662332
589	2457	0	4.17370941
590	2462	0	4.18079551
591	2467	0	4.1878816
592	2471	0	4.1949677
593	2476	0	4.20205379
594	2481	0	4.20913989
595	2486	0	4.21622598
596	2492	0	4.22331207
597	2497	0	4.23039817
598	2501	0	4.23748426
599	2506	0	4.24457036
600	2511	0	4.25165645
601	2523	0	4.25874254
602	2528	0	4.26582864
603	2534	0	4.27291473
604	2539	0	4.28000083
605	2544	0	4.28708692
606	2549	0	4.29417301
607	2554	0	4.30125911
608	2559	0	4.3083452
609	2564	0	4.3154313
610	2570	0	4.32251739
611	2575	0	4.32960348
612	2580	0	4.33668958
613	2585	0	4.34377567
614	2590	0	4.35086177
615	2595	0	4.35794786
616	2600	0	4.36503396
617	2605	0	4.37212005
618	2609	0	4.37920614
619	2614	0	4.38629224
620	2619	0	4.39337833
621	2624	0	4.40046443
622	2628	0	4.40755052
623	2633	0	4.41463661
624	2637	0	4.42172271
625	2642	0	4.4288088
626	2648	0	4.4358949
627	2653	0	4.44298099
628	2658	0	4.45006708
629	2663	0	4.45715318
630	2668	0	4.46423927
631	2674	0	4.47132537
632	2680	0	4.47841146
633	2685	0	4.48549755
634	2690	0	4.49258365
635	2696	0	4.49966974
636	2701	0	4.50675584
637	2706	0	4.51384193
638	2711	0	4.52092802
639	2716	0	4.52801412
640	2722	0	4.53510021
641	2728	0	4.54218631
642	2734	0	4.5492724
643	2739	0	4.5563585
644	2744	0	4.56344459
645	2750	0	4.57053068
646	2756	0	4.57761678
647	2760	0	4.58470287
648	2765	0	4.59178897
649	2770	0	4.59887506
650	2775	0	4.60596115
651	2779	0	4.61304725
652	2784	0	4.62013334
653	2789	0	4.62721944
654	2795	0	4.63430553
655	2801	0	4.64139162
656	2806	0	4.64847772
657	2812	0	4.65556381
658	2817	0	4.66264991
659	2822	0	4.669736
660	2826	0	4.67682209
661	2831	0	4.68390819
662	2836	0	4.69099428
663	2842	0	4.69808038
664	2846	0	4.70516647
665	2852	0	4.71225257
666	2858	0	4.71933866
667	2863	0	4.72642475
668	2868	0	4.73351085
669	2873	0	4.74059694
670	2879	0	4.74768304
671	2884	0	4.75476913
672	2889	0	4.76185522
673	2893	0	4.76894132
674	2899	0	4.77602741
675	2904	0	4.78311351
676	2909	0	4.7901996
677	2914	0	4.79728569
678	2919	0	4.80437179
679	2924	0	4.81145788
680	2929	0	4.81854398
681	2935	0	4.82563007
682	2939	0	4.83271616
683	2944	0	4.83980226
684	2949	0	4.84688835
685	2954	0	4.85397445
686	2960	0	4.86106054
687	2965	0	4.86814664
688	2970	0	4.87523273
689	2975	0	4.88231882
690	2980	0	4.88940492
691	2985	0	4.89649101
692	2990	0	4.90357711
693	2995	0	4.9106632
694	3000	0	4.91774929
695	3005	0	4.92483539
696	3009	0	4.93192148
697	3014	0	4.93900758
698	3019	0	4.94609367
699	3024	0	4.95317976
700	3029	0	4.96026586
701	3041	0	4.96735195
702	3047	0	4.97443805
703	3053	0	4.98152414
704	3058	0	4.98861023
705	3062	0	4.99569633
706	3068	0	5.00278242
707	3073	0	5.00986852
708	3078	0	5.01695461
709	3083	0	5.0240407
710	3088	0	5.0311268
711	3093	0	5.03821289
712	3098	0	5.04529899
713	3104	0	5.05238508
714	3109	0	5.05947118
715	3114	0	5.06655727
716	3119	0	5.07364336
717	3124	0	5.08072946
718	3130	0	5.08781555
719	3135	0	5.09490165
720	3140	0	5.10198774
721	3144	0	5.10907383
722	3148	0	5.11615993
723	3154	0	5.12324602
724	3159	0	5.13033212
725	3164	0	5.13741821
726	3169	0	5.1445043
727	3174	0	5.1515904
728	3180	0	5.15867649
729	3185	0	5.16576259
730	3190	0	5.17284868
731	3195	0	5.17993477
732	3200	0	5.18702087
733	3206	0	5.19410696
734	3211	0	5.20119306
735	3216	0	5.20827915
736	3222	0	5.21536525
737	3227	0	5.22245134
738	3232	0	5.22953743
739	3237	0	5.23662353
740	3241	0	5.24370962
741	3246	0	5.25079572
742	3252	0	5.25788181
743	3257	0	5.2649679
744	3263	0	5.272054
745	3268	0	5.27914009
746	3274	0	5.28622619
747	3280	0	5.29331228
748	3285	0	5.30039837
749	3291	0	5.30748447
750	3296	0	5.31457056
751	3301	0	5.32165666
752	3306	0	5.32874275
753	3311	0	5.33582884
754	3315	0	5.34291494
755	3322	0	5.35000103
756	3327	0	5.35708713
757	3332	0	5.36417322
758	3337	0	5.37125931
759	3342	0	5.37834541
760	3346	0	5.3854315
761	3352	0	5.3925176
762	3357	0	5.39960369
763	3363	0	5.40668979
764	3368	0	5.41377588
765	3373	0	5.42086197
766	3378	0	5.42794807
767	3384	0	5.43503416
768	3390	0	5.44212026
769	3394	0	5.44920635
770	3400	0	5.45629244
771	3405	0	5.46337854
772	3410	0	5.47046463
773	3416	0	5.47755073
774	3421	0	5.48463682
775	3426	0	5.49172291
776	3431	0	5.49880901
777	3437	0	5.5058951
778	3442	0	5.5129812
779	3447	0	5.52006729
780	3452	0	5.52715338
781	3456	0	5.53423948
782	3461	0	5.54132557
783	3467	0	5.54841167
784	3471	0	5.55549776
785	3477	0	5.56258386
786	3482	0	5.56966995
787	3487	0	5.57675604
788	3492	0	5.58384214
789	3497	0	5.59092823
790	3503	0	5.59801433
791	3509	0	5.60510042
792	3514	0	5.61218651
793	3520	0	5.61927261
794	3525	0	5.6263587
795	3529	0	5.6334448
796	3535	0	5.64053089
797	3539	0	5.64761698
798	3544	0	5.65470308
799	3549	0	5.66178917
800	3555	0	5.66887527
801	3568	0	5.67596136
802	3574	0	5.68304745
803	3579	0	5.69013355
804	3585	0	5.69721964
805	3589	0	5.70430574
806	3594	0	5.71139183
807	3600	0	5.71847792
808	3606	0	5.72556402
809	3611	0	5.73265011
810	3616	0	5.73973621
811	3622	0	5.7468223
812	3628	0	5.7539084
813	3633	0	5.76099449
814	3638	0	5.76808058
815	3643	0	5.77516668
816	3648	0	5.78225277
817	3653	0	5.78933887
818	3658	0	5.79642496
819	3664	0	5.80351105
820	3669	0	5.81059715
821	3675	0	5.81768324
822	3680	0	5.82476934
823	3685	0	5.83185543
824	3690	0	5.83894152
825	3696	0	5.84602762
826	3700	0	5.85311371
827	3705	0	5.86019981
828	3710	0	5.8672859
829	3715	0	5.87437199
830	3719	0	5.88145809
831	3725	0	5.88854418
