DRIVER
  os.environ['SMA_TSO_COSMOS_ELEMAT'] = '1'
  driver.registerSaveRule( UpdateRules.COPY, CheckPoints.ITER_COMPLETE, EventTimes.LAST, [ '*.ste*' ], 'SAVE.ste', '' )
  driver.registerSaveRule( UpdateRules.COPY, CheckPoints.ITER_COMPLETE, EventTimes.LAST, [ '*.lcd*' ], 'SAVE.ste', '' )
  driver.registerSaveRule( UpdateRules.COPY, CheckPoints.ITER_COMPLETE, EventTimes.LAST, [ '*.lcm*' ], 'SAVE.ste', '' )
END_

FEM_INPUT
  ID_NAME = Full_airfoil_top_op-Topology_Study_1_1
  FILE = Full airfoil top op-Topology Study 1.NOD
END_

*SET_DB,rint,130,1

GROUP_DEF
  ID_NAME = FROZEN_AREA_ELEMS_GRP_1
  TYPE=ELEM
  FORMAT=LIST
  LIST_BEGIN
108,111,118,122,129,150,152,167,198,227,245,254,272,276,293,297,322,334,436,444,496,501,509,
515,521,585,594,598,609,631,670,672,673,674,678,685,689,697,701,713,720,723,728,729,780,905,
907,955,1002,1029,1034,1038,1039,1079,1084,1086,1094,1097,1122,1126,1158,1166,1240,1304,1431,
1460,1506,1586,1697,1698,1705,1741,1802,1857,1868,1899,1904,1966,1969,2105,2110,2184,2192,
2195,2198,2199,2215,2281,2286,2308,2388,2413,2453,2457,2459,2495,2498,2528,2669,2674,2692,
2697,2704,2708,2762,2826,2829,2896,2942,2945,3005,3033,3044,3078,3081,3103,3129,3131,3133,
3135,3182,3231,3237,3241,3244,3248,3251,3255,3305,3308,3380,3401,3437,3446,3513,3517,3563,
3618,3661,3665,3718,3725,3811,3836,3911,3920,3961,3965,3985,3988,4030,4032,4090,4100,4122,
4137,4169,4173,4189,4191,4193,4203,4206,4210,4256,4335,4396,4404,4406,4475,4534,4551,4558,
4572,4579,4582,4625,4666,4671,4689,4742,4778,4780,4792,4840,4919,4989,5059,5061,5163,5197,
5201,5208,5258,5261,5265,5287,5343,5357,5404,5437,5524,5526,5530,5539,5541,5548,5556,5557,
5574,5621,5630,5691,5700,5723,5777,5778,5783,5836,5882,5892,5926,5952,5979,6000,6009,6014,
6058,6061,6095,6123,6181,6183,6259,6269,6295,6322,6325,6350,6353,6374,6406,6408,6429,6459,
6508,6586,6589,6626,6706,6772,6778,6832,6836,6854,6890,6928,6931,6942,7048,7050,7069,7074,
7159,7202,7205,7208,7258,7274,7287,7327,7335,7405,7426,7460,7519,7522,7527,7610,7633,7653,
7675,7698,7701,7723,7725,7733,7735,7780,7831,7851,7885,7890,7916,7920,7956,8008,8032,8035,
8047,8049,8052,8157,8161,8163,8173,8189,8191,8192,8193,8196,8205,8301,8337,8341,8342,8508,
8585,8765,8766,8771,8840,8874,8877,8896,8955,8957,8964,8966,8992,9023,9044,9067,9096,9126,
9169,9171,9175,9194,9223,9227,9257,9262,9264,9283,9287,9296,9308,9313,9315,9351,9359,9448,
9552,9682,9684,9739,9755,9864,9940,9996,10017,10029,10031,10043,10046,10108,10849,10919,10923,
11281,11283,11383,12031,12126,12264,12310,12369,12485,12487,12495,12539,12554,12557,12589,
12602,12734,12777,12797,12814,12854,12943,12969,13018,13084,13128,13137,13138,13194,13227,
13239,13253,13256,13271,13274,13339,13357,13365,13383,13403,13413,13437,13461,13481,13525,
13527,13531,13552,13586,13601,13607,13623,13624,13690,13725,13847,13920,13963,14023,14070,
14091,14131,14159,14195,14409,14448,14555,14643,14658,14686,14917,14926,14965,15025,15055,
15063,15101,15102,15170,15223,15228,15268,15327,15370,15420,15468,15479,15484,15490,15631,
15637,15657,15740,15774,15806,15834,16199,16257,16262,16265,16522,16994,16996,17004,17009,
17012,17018,17054,17058,17065,17070,17072,17073,17077,17088,17092,17106,17108,17110,17136,
17150,17199,17207,17210,17221,17222,17231,17253,17273,17346,17348,17349,17365,17411,17415,
17435,17445,17449,17458,17468,17486,17488,17521,17532,17545,17546,17562,17567,17569,17570,
17588,17615,17624,17628,17658,17663,17675,17677,17695,17696,17722,17768,17772,17778,17782,
17806,17855,17867,17880,17892,17918,17919,17941,17963,17990,18031,18033,18044,18052,18056,
18084,18090,18103,18104,18110,18179,18218,18224,18245,18305,18315,18316,18318,18326,18349,
18352,18360,18361,18390,18404,18429,18431,18453,18520,18522,18532,18540,18579,18592,18610,
18621,18624,18635,18645,18667,18678,18697,18699,18716,18721,18733,18788,18854,18870,18871,
18910,18916,18938,18966,19013,19015,19149,19153,19175,19198,19223,19234,19266,19267,19272,
19274,19276,19297,19381,19396,19402,19421,19475,19483,19488,19490,19518,19528,19540,19541,
19544,19605,19609,19640,19667,19680,19778,19812,19831,19838,19840,19844,19855,19882,19892,
19946,19968,19983,19990,19991,20037,20071,20092,20097,20103,20113,20119,20184,20191,20196,
20206,20226,20228,20258,20292,20303,20304,20328,20336,20426,20456,20477,20484,20487,20503,
20541,20552,20565,20581,20644,20645,20686,20747,20748,20784,20812,20873,20883,20913,20914,
20949,20960,20962,20964,20984,20989,21035,21074,21103,21161,21177,21182,21203,21228,21251,
21263,21377,21426,21432,21520,21580,21590,21611,21657,21694,21756,21785,21927,21981,21987,
22127,22189,22342,22381,22442,22542,22646,22677,22762,22893,22916,22923,23140,23536,23730,
24196,24903,24962,25125,25767,25938,26251,26445,26685,27259,27331,27337,27642,27731,28004,
28185,28186,28192,28201,28223,28237,28250,28292,28293,28313,28343,28349,28374,28382,28430,
28444,28458,28511,28520,28531,28561,28575,28580,28590,28604,28642,28645,28656,28662,28666,
28672,28673,28724,28737,28752,28791,28801,28815,28820,28837,28864,28888,28900,28902,28917,
28926,28927,28930,28939,28952,28954,28955,28961,28964,28965,28967,28969,28994,29023,29025,
29046,29069,29071,29159,29166,29175,29185,29210,29243,29246,29247,29252,29312,29347,29348,
29367,29371,29410,29428,29435,29441,29459,29514,29518,29551,29577,29580,29594,29596,29604,
29605,29614,29624,29635,29654,29659,29672,29718,29732,29740,29760,29774,29806,29843,29869,
29874,29883,29894,29899,29900,29904,29975,30069,30104,30159,30192,30197,30202,30211,30229,
30273,30294,30299,30329,30347,30366,30394,30404,30406,30415,30428,30434,30473,30487,30534,
30543,30563,30612,30697,30742,30784,30905,30924,30931,30982,31001,31048,31055,31189,31195,
31284,31302,31411,31499,31581,31582,31712,31871,31881,31935,32058,32115,32151,32394,32630,
32883,33080,33092,33363,33371,33878,34653,34655,34659,34665,35098,36390,37131,37282,37287,
37366,37646,37651,37717,38156,38368,38567,38698,38929,38930,38998,39002,39012,39016,39019,
39030,39048,39049,39069,39071,39075,39088,39099,39105,39126,39155,39183,39189,39192,39196,
39199,39201,39203,39210,39211,39228,39229,39245,39253,39255,39266,39267,39271,39274,39276,
39277,39283,39289,39291,39295,39296,39300,39301,39305,39310,39319,39323,39324,39332,39339,
39358,39387,39390,39391,39400,39410,39412,39415,39430,39434,39444,39453,39456,39457,39465,
39470,39473,39480,39512,39522,39531,39539,39545,39547,39555,39567,39576,39582,39586,39597,
39602,39604,39611,39614,39616,39622,39623,39624,39626,39628,39638,39644,39649,39653,39656,
39659,39661,39665,39668,39675,39678,39706,39707,39721,39722,39723,39725,39729,39730,39737,
39741,39743,39768,39780,39783,39794,39795,39796,39799,39811,39827,39865,39902,39921,39926,
39934,39935,39940,39941,39962,39998,40000,40001,40004,40007,40018,40030,40057,40065,40109,
40134,40144,40165,40166,40171,40188,40199,40200,40207,40222,40223,40228,40249,40282,40355,
40364,40374,40387,40410,40412,40415,40416,40419,40420,40427,40434,40455,40472,40498,40506,
40511,40523,40527,40539,40550,40556,40594,40619,40627,40635,40636,40639,40686,40699,40705,
40732,40744,40789,40857,40861,40873,40882,40892,40931,40932,40956,40961,40981,40985,40993,
41011,41012,41028,41044,41046,41057,41064,41085,41103,41107,41132,41133,41146,41147,41159,
41160,41166,41189,41190,41198,41200,41212,41235,41277,41317,41325,41349,41359,41366,41397,
41407,41457,41466,41492,41502,41510,41521,41528,41624,41658,41670,41680,41693,41726,41745,
41764,41784,41795,41812,41822,41829,41841,41854,41861,41862,41881,41892,41898,41906,41922,
41959,41967,41984,42002,42007,42046,42086,42113,42175,42220,42221,42228,42242,42259,42270,
42280,42288,42349,42352,42354,42355,42364,42418,42426,42431,42432,42461,42522,42559,42562,
42575,42591,42615,42616,42617,42621,42635,42651,42663,42708,42724,42747,42799,42800,42817,
42822,42837,42869,42871,42880,42892,43000,43018,43112,43114,43306,43404,43414,43423,43470,
43521,43729,43744,43765,43774,44038,44138,44139,44141,44263,44274,44694,45402,45561,45632,
45634,45705,45963,46066,46230,46278,46299,46850,46859,46915,47231,47371,47380,47434,47435,
47638,47640,48068,48247,48494,48495,48511,48516,48926,49020,49093,49203,49267,49333,49398,
49458,49489,49500,49518,49557,49558,49560,49568,49569,49571,49579,49583,49592,49601,49602,
49643,49645,49667,49688,49689,49691,49693,49729,49747,49751,49779,49787,49820,49823,49849,
49851,49857,49874,49882,49929,49931,49932,49942,49959,49965,49973,49974,49983,50000,50039,
50071,50076,50088,50103,50122,50137,50161,50167,50197,50204,50224,50236,50243,50288,50306,
50316,50329,50334,50349,50366,50372,50380,50402,50406,50415,50418,50424,50436,50482,50496,
50497,50529,50533,50539,50541,50557,50621,50622,50639,50643,50649,50734,50738,50749,50752,
50757,50768,50787,50815,50858,50875,51003,51014,51045,51059,51090,51097,51101,51153,51154,
51155,51161,51169,51195,51200,51205,51228,51249,51297,51315,51347,51369,51434,51503,51517,
51540,51573,51578,51624,51632,51658,51687,51788,51870,51878,51945,51956,51989,51999,52058,
52191,52231,52292,52390,52396,52401,52405,52464,52473,52575,52709,52817,52834,52893,53834,
53846,54244,54287,54292,54718,55490,55551,55589,55590,55992,56198,56199,56354,56855,57777,
57790,57791,57812,57821,57822,57825,57828,57840,57841,57851,57853,57859,57881,57884,57909,
57911,57943,57947,57949,57956,57957,57960,57977,57986,57990,57999,58004,58015,58016,58020,
58025,58026,58027,58029,58032,58037,58040,58043,58056,58060,58061,58064,58070,58071,58072,
58083,58086,58087,58096,58105,58110,58123,58129,58131,58133,58134,58138,58152,58155,58164,
58166,58167,58170,58176,58182,58197,58200,58203,58219,58228,58231,58234,58235,58255,58269,
58280,58282,58283,58285,58286,58290,58296,58301,58326,58333,58349,58351,58357,58373,58390,
58392,58407,58408,58428,58430,58434,58447,58462,58476,58484,58486,58490,58500,58509,58537,
58542,58543,58544,58545,58548,58560,58561,58583,58617,58618,58636,58639,58640,58642,58653,
58663,58683,58721,58723,58744,58746,58750,58775,58787,58809,58826,58844,58858,58861,58895,
58912,58929,58941,58950,58956,58969,58988,58995,59000,59008,59026,59035,59036,59049,59052,
59068,59089,59133,59147,59162,59164,59182,59186,59188,59210,59221,59242,59265,59274,59295,
59299,59318,59373,59394,59397,59413,59417,59430,59444,59468,59476,59489,59507,59516,59544,
59562,59584,59604,59605,59668,59696,59697,59709,59783,59801,59812,59816,59819,59840,59844,
59846,59847,59856,59871,59879,59889,59958,59966,59981,59982,59993,60010,60016,60045,60053,
60056,60065,60070,60079,60081,60088,60098,60133,60139,60151,60153,60180,60200,60203,60232,
60258,60275,60280,60285,60298,60299,60328,60336,60342,60346,60350,60352,60359,60380,60464,
60486,60487,60493,60510,60570,60619,60626,60656,60660,60740,60741,60759,60789,60802,60819,
60839,60840,60963,60981,60987,61080,61242,61335,61459,61744,61748,61751,61759,61945,62106,
62596,63129,63130,65372,65837,65975,65976,66025,66034,66068,66072,66079,66081,66090,66103,
66107,66121,66140,66189,66225,66233,66242,66258,66260,66262,66307,66311,66325,66331,66376,
66387,66389,66409,66416,66426,66437,66452,66489,66510,66517,66520,66521,66599,66601,66647,
66669,66674,66701,66706,66719,66743,66787,66796,66817,66830,66846,66851,66970,66974,67035,
67036,67041,67057,67058,67144,67211,67224,67238,67308,67342,67400,67405,67457,67463,67506,
67606,67632,67765,67809,67823,67865,67971,68069,68131,68158,68192,68260,68264,68421,68647,
68888,68891,68892,69603,69604,70133,70135,71667,72339,72492,72652,72653,72656,72658,72661,
72662,72665,72668,72670,72671,72676,72683,72686,72693,72698,72700,72702,72704,72708,72714,
72718,72719,72731,72734,72750,72760,72763,72766,72768,72770,72773,72780,72781,72783,72784,
72801,72805,72806,72807,72812,72818,72821,72825,72828,72831,72832,72833,72839,72846,72848,
72851,72859,72867,72868,72869,72873,72878,72887,72891,72894,72895,72906,72911,72913,72942,
72945,72949,72950,72951,72962,72967,72968,72969,72981,72996,72999,73002,73010,73018,73030,
73038,73039,73055,73061,73074,73076,73079,73083,73098,73129,73137,73182,73183,73185,73189,
73222,73223,73235,73243,73256,73293,73345,73352,73364,73366,73383,73401,73407,73439,73460,
73482,73503,73533,73563,73568,73581,73586,73603,73642,73648,73649,73677,73679,73684,73685,
73706,73721,73724,73728,73743,73749,73755,73770,73781,73792,73803,73807,73855,73881,73919,
73935,73972,73974,73979,73999,74005,74012,74021,74034,74047,74064,74067,74085,74105,74143,
74146,74174,74186,74204,74215,74217,74250,74263,74289,74304,74321,74323,74330,74366,74377,
74378,74379,74380,74388,74396,74418,74425,74445,74448,74451,74464,74480,74498,74500,74514,
74520,74534,74538,74542,74548,74558,74567,74584,74619,74628,74631,74638,74648,74658,74664,
74670,74692,74733,74742,74781,74782,74797,74803,74815,74864,74902,74925,74952,74970,75016,
75124,75130,75170,75275,75329,75378,75406,75531,75614,75639,75737,76472,77435,77761,78245,
78764,78935,79585,79589,79602,79604,79607,79620,79631,79643,79649,79669,79676,79692,79708,
79713,79720,79723,79727,79738,79767,79772,79775,79795,79804,79817,79858,79866,79867,79890,
79895,79941,79959,79967,79994,80015,80021,80031,80045,80052,80061,80064,80076,80077,80082,
80090,80098,80121,80123,80142,80148,80169,80174,80199,80237,80274,80284,80301,80329,80369,
80399,80455,80522,80554,80595,80598,80694,80713,80815,80837,80901,80908,80928,80958,81208,
81287,81954,81956,81966,82394,82676,82683,82685,82827,82828,83089,83113,83170,83622,83710,
84752,84813,84815,84819,84825,84845,84846,84847,84851,84857,84859,84860,84861,84867,84873,
84877,84885,84896,84897,84915,84921,84925,84927,84938,84940,84941,84944,84950,84957,84958,
84978,84982,84993,84999,85004,85009,85022,85024,85029,85041,85093,85100,85104,85107,85109,
85119,85142,85150,85152,85164,85166,85169,85172,85178,85180,85192,85194,85201,85202,85218,
85222,85236,85248,85252,85253,85254,85268,85270,85281,85331,85332,85350,85357,85365,85375,
85381,85398,85403,85420,85422,85445,85465,85469,85474,85512,85522,85525,85577,85582,85608,
85625,85661,85692,85700,85704,85717,85728,85729,85759,85769,85772,85794,85809,85815,85820,
85833,85852,85855,85867,85872,85875,85885,85899,85900,85919,85949,85955,85964,86001,86006,
86029,86044,86056,86072,86087,86095,86109,86148,86151,86179,86190,86213,86224,86243,86293,
86305,86306,86411,86427,86433,86440,86461,86470,86489,86491,86511,86541,86551,86554,86626,
86654,86680,86692,86701,86709,86723,86730,86739,86754,86771,86775,86803,86809,86810,86820,
86828,86842,86845,86849,86851,86854,86859,86896,86959,86960,86964,86978,87009,87015,87047,
87059,87073,87084,87112,87146,87155,87194,87341,87395,87792,88236,89542,89551,90180,90444,
90539,90752,90772,90781,90782,90814,90875,90878,90880,90883,90893,90902,90903,90906,90917,
90929,90932,90933,90939,90960,90964,90974,90995,91015,91020,91025,91028,91033,91039,91061,
91087,91108,91122,91128,91139,91141,91144,91156,91166,91177,91181,91183,91184,91190,91213,
91216,91301,91305,91312,91350,91364,91383,91404,91422,91438,91469,91481,91484,91489,91515,
91527,91570,91591,91860,92042,92059,92367,92631,93596,93740,94283,94400,95177,95308,95309,
95312,95315,95317,95322,95323,95324,95331,95332,95336,95340,95351,95355,95361,95363,95368,
95370,95375,95384,95388,95397,95398,95402,95407,95409,95410,95412,95416,95417,95421,95423,
95424,95429,95442,95447,95448,95457,95459,95460,95474,95485,95487,95492,95495,95509,95510,
95517,95521,95529,95530,95532,95533,95534,95537,95538,95554,95563,95583,95587,95593,95616,
95617,95627,95653,95691,95705,95723,95762,95763,95768,95770,95802,95818,95835,95836,95853,
95859,95860,95863,95874,95889,95898,95943,95946,95962,95975,95981,95982,96023,96030,96070,
96079,96099,96111,96113,96130,96144,96149,96165,96168,96174,96175,96176,96182,96185,96203,
96207,96215,96234,96254,96272,96279,96305,96326,96329,96337,96343,96353,96356,96368,96382,
96385,96392,96402,96410,96442,96443,96456,96462,96482,96498,96500,96508,96512,96520,96529,
96530,96552,96593,96614,96656,96657,96667,96703,96742,96743,96756,96765,96770,96771,96797,
96801,96841,96853,96887,96899,96922,96975,96991,97005,97020,97066,97074,97075,97088,97094,
97099,97103,97113,97134,97145,97166,97167,97184,97230,97248,97249,97252,97295,97316,97324,
97333,97334,97338,97359,97425,97471,97600,97883,97891,97926,98196,98753,99662,99663,99740,
99862,99957,99961,99969,100013,100547,100574,100581,100586,100587,100588,100621,100623,100625,
100674,100681,100695,100715,100737,100752,100759,100772,100797,100830,100848,100861,100865,
100900,100901,100922,100923,100942,100970,100991,101042,101044,101060,101073,101081,101085,
101098,101114,101125,101132,101133,101139,101156,101160,101170,101194,101216,101226,101258,
101261,101265,101277,101310,101352,101391,101543,102808,103288,103309,103314,103315,103324,
103792,103862,103873,104191,104202,104229,104669,104671,104673,104678,104679,104686,104700,
104727,104738,104740,104791,104793,104802,104810,104813,104814,104818,104822,104827,104828,
104831,104835,104836,104837,104844,104845,104848,104850,104854,104878,104919,104920,104928,
104929,104970,104971,104973,104981,104984,104985,104992,104997,104998,105006,105020,105027,
105032,105069,105073,105090,105102,105116,105121,105128,105134,105142,105154,105155,105170,
105172,105180,105191,105194,105202,105209,105216,105224,105240,105311,105314,105319,105331,
105375,105393,105394,105400,105421,105425,105429,105431,105514,105547,105562,105563,105570,
105572,105576,105577,105585,105590,105591,105595,105598,105602,105611,105614,105620,105675,
105723,105726,105727,105729,105734,105736,105738,105742,105745,105746,105782,105784,105788,
105800,105817,105843,105853,105855,105865,105879,105887,105895,105905,105915,105930,105937,
105968,105975,105977,105997,106002,106013,106052,106073,106100,106119,106145,106157,106163,
106206,106208,106223,106260,106273,106293,106300,106337,106357,106358,106383,106388,106391,
106417,106418,106425,106438,106490,106501,106516,106540,106557,106577,106765,106814,107145,
107224,107390,107505,107509,107787,108410,108414,108482,108819,108828,108832,108835,109575,
109625,109630,109631,109700,109701,109722,109735,109736,109748,109749,109758,109767,109777,
109782,109839,109859,109874,109899,109905,109919,109944,110014,110020,110052,110062,110063,
110065,110082,110091,110096,110152,110163,110166,110192,110201,110204,110206,110209,110221,
110224,110439,111512,111513,111631,111633,111698,112136,112146,112218,112252,113180,113181,
113186,113193,113194,113199,113200,113202,113206,113211,113217,113219,113221,113222,113230,
113239,113241,113266,113301,113339,113343,113344,113355,113359,113362,113369,113386,113388,
113399,113402,113405,113408,113412,113414,113415,113417,113423,113426,113430,113431,113434,
113436,113438,113439,113441,113444,113455,113456,113457,113458,113462,113464,113469,113470,
113472,113474,113476,113479,113488,113500,113504,113506,113507,113508,113516,113518,113544,
113562,113565,113568,113569,113575,113577,113580,113586,113590,113591,113595,113599,113602,
113616,113638,113639,113640,113705,113714,113726,113727,113730,113759,113769,113772,113776,
113799,113815,113820,113821,113828,113839,113841,113848,113855,113858,113859,113860,113863,
113867,113870,113874,113885,113887,113889,113906,113923,113938,113943,113962,113984,113993,
113994,114021,114042,114068,114070,114087,114090,114093,114105,114113,114122,114126,114151,
114161,114165,114182,114188,114195,114208,114217,114235,114243,114245,114247,114272,114285,
114392,114421,114426,114432,114462,114495,114510,114512,114528,114538,114547,114548,114576,
114584,114588,114592,114602,114612,114640,114643,114713,114725,114737,114749,114752,114806,
114834,114849,115331,115333,115338,115592,116712,117238,117259,117264,117265,117278,117279,
117282,117285,117295,117302,117325,117344,117345,117358,117369,117392,117413,117414,117422,
117472,117498,117562,117598,117638,117647,117725,117754,117757,117798,117861,117918,117934,
118901,119013,119014,119865,119867,119880,120206,120207,120208,120212,120217,120223,120228,
120229,120230,120241,120259,120267,120272,120277,120285,120287,120290,120291,120295,120296,
120298,120299,120305,120310,120313,120315,120317,120324,120331,120332,120336,120338,120340,
120343,120344,120352,120357,120365,120397,120405,120406,120411,120437,120465,120474,120475,
120477,120481,120487,120488,120495,120496,120509,120521,120534,120542,120547,120556,120577,
120578,120591,120620,120626,120638,120650,120673,120683,120713,120718,120733,120749,120754,
120761,120762,120769,120785,120787,120830,120871,120896,120907,120928,120932,120939,120950,
120953,120965,120970,120982,120991,121011,121038,121044,121065,121086,121087,121113,121120,
121125,121135,121184,121218,121227,121234,121243,121254,121274,121280,121285,121298,121310,
121334,121343,121434,121447,121448,121470,121493,121504,121530,122952,123759,123791,123822,
123837,123844,123846,123850,123861,123934,123942,123946,123947,123963,123966,123974,123979,
123981,123993,124003,124012,124035,124041,124103,124142,124167,124179,124800,125368,125376,
125377,125667,125881,125896,126101,126102,126103,126105,126106,126116,126122,126123,126125,
126133,126136,126139,126144,126152,126153,126155,126160,126163,126165,126166,126172,126180,
126188,126191,126201,126202,126217,126218,126249,126250,126261,126263,126271,126273,126283,
126294,126310,126311,126315,126322,126326,126332,126333,126335,126338,126340,126352,126354,
126364,126371,126381,126400,126403,126414,126421,126425,126457,126476,126479,126486,126498,
126558,126580,126582,126583,126635,126643,126656,126657,126660,126668,126669,126678,126701,
126712,126725,126726,126762,126769,126789,126817,126829,126842,126851,126860,126861,126863,
126864,126889,126908,126922,126923,126935,126936,126949,126959,126960,126975,126986,126998,
126999,127003,127032,127047,127048,127103,127107,127113,127116,127148,127157,127198,127516,
128309,128315,128317,128320,128692,128798,128810,128949,128969,128986,128990,129008,129032,
129046,129061,129077,129093,129117,129120,129126,129128,129132,129151,129175,129176,129178,
129242,129245,129259,129299,129346,129434,130232,131259,131301,131303,131319,131326,131336,
131337,131338,131340,131353,131359,131373,131374,131398,131400,131404,131407,131409,131410,
131417,131422,131429,131434,131438,131445,131448,131449,131453,131470,131479,131489,131510,
131529,131547,131565,131566,131579,131590,131599,131602,131622,131651,131667,131691,131701,
131711,131713,131729,131730,131754,131777,131794,131817,131823,131824,131833,131840,131855,
131874,131886,131905,131923,131924,131946,131953,131975,131984,131986,131987,131992,131994,
132000,132013,132033,132035,132046,132051,132052,132056,132062,132068,132080,132099,132103,
132146,132153,132167,132168,132175,132177,132184,132189,132193,132208,132241,132251,132331,
132359,132371,132545,132567,132730,132965,133376,133386,133390,133416,133425,133427,134007,
134028,134040,134052,134096,134098,134100,134116,134128,134157,134181,134196,134198,134207,
134214,134218,134220,134224,134226,134256,134282,134299,134368,134371,134411,134419,134561,
134562,134567,134569,134570,134575,134712,134716,135247,135864,135875,135884,136027,136169,
136175,136185,136188,136208,136209,136212,136213,136218,136220,136232,136237,136238,136239,
136246,136264,136271,136272,136282,136284,136285,136293,136315,136319,136322,136323,136327,
136329,136330,136331,136334,136341,136342,136343,136346,136347,136354,136361,136363,136367,
136371,136377,136392,136407,136417,136428,136429,136436,136444,136447,136448,136461,136463,
136466,136468,136477,136480,136483,136487,136488,136505,136516,136531,136532,136533,136549,
136551,136562,136571,136572,136590,136601,136609,136615,136622,136627,136645,136658,136659,
136664,136665,136666,136667,136668,136669,136671,136678,136683,136684,136688,136689,136690,
136691,136694,136700,136704,136733,136736,136739,136740,136751,136770,136801,136809,136821,
136832,136834,136836,136921,136926,136958,136974,136985,136997,137005,137006,137008,137009,
137010,137011,137012,137017,137020,137029,137031,137036,137043,137047,137049,137052,137057,
137059,137064,137065,137068,137069,137070,137071,137073,137074,137075,137078,137085,137486,
137492,137511,137522,137939,137944,137957,137978,137980,137982,138007,138013,138016,138023,
138045,138046,138056,138067,138078,138082,138095,138103,138114,138525,138574,138578,138586,
138591,138594,138611,138625,138663,138676,138691,138709,138711,138725,138761,138777,138787,
138788,138793,138818,138833,138834,138835,138845,138857,138868,138873,138890,138892,138898,
138899,138910,138917,138918,138925,138936,138940,138941,138944,138963,138966,138967,138973,
138975,139039,139494,139501,139505,139518,139536,139552,140114,140126,140133,140135,140150,
140158,140171,140181,140191,140215,140227,140237,140244,140245,140257,140261,140268,140290,
140291,140292,140296,140297,140298,140301,140302,140303,140304,140305,140313,140328,140331,
140341,140343,140348,140351,140354,140355,140357,140358,140360,140364,140369,140381,140382,
140385,140390,140392,140402,140415,140421,140424,140455,140464,140492,140503,140506,140509,
140510,140543,140549,140579,140583,140639,140661,140670,140673,140682,140686,140687,140689,
140719,140722,140738,140759,140762,140818,140820,140825,140841,140845,140854,140908,140925,
140936,140937,140968,140975,140977,141022,141030,141039,141208,141216,141239,141242,141252,
141259,141265,141272,141278,141288,141304,141308,141319,141321,141328,141334,141340,141343,
141355,142223,142241,142250,142280,142282,142305,142324,142326,142329,142358,142375,142385,
142439,142450,142491,142534,142548,142549,142564,142573,142599,142690,142883,142988,142998,
143013,143042,143068,143073,143075,143076,143077,143095,143109,143110,143117,143122,143128,
143131,143141,143143,143151,143157,143161,143162,143164,143167,143190,143199,143201,143211,
143231,143904,143907,143920,143935,143939,143948,143949,143951,143973,143999,144057,144061,
144071,144072,144073,144074,144075,144076,144077,144082,144088,144094,144095,144099,144100,
144106,144107,144123,144128,144131,144141,144162,144168,144169,144186,144187,144210,144212,
144297,144307,144322,144343,144346,144352,144383,144388,144395,144414,144440,144445,144446,
144452,144459,144476,144540,144553,144570,144579,144580,144599,144610,144618,144632,144649,
144667,144669,144676,144677,144678,144700,144706,144707,144714,144717,144718,144725,144728,
144734,144740,144764,144773,144780,144785,144787,144804,144819,144829,144836,144851,144859,
144875,144899,144900,144903,144910,144911,144936,144937,144942,144943,144954,144966,144970,
144975,144980,144983,144986,145004,145011,145015,145027,145030,145032,145036,145037,145834,
145847,145849,145854,145870,145910,145921,145945,146141,146156,146161,146172,146177,146212,
146213,146215,146227,146233,146238,147016,147017,147031,147032,147049,147051,147058,147063,
147070,147081,147089,147100,147101,147116,147126,147127,147138,147141,147150,147159,147174,
147175,147179,147200,147201,147216,147228,147229,147246,147247,147286,147287,147299,147302,
147305,147315,147316,147323,147335,147338,147340,147342,147354,147355,147356,147357,147358,
147359,147371,147372,147374,147385,147387,147395,147396,147397,147400,147403,147404,147407,
147412,147419,147421,147422,147429,147434,147437,147439,147441,147443,147449,147452,147453,
147456,147457,147458,147460,147463,147467,147473,147486,147509,147511,147525,147526,147548,
147550
END_

! ----------------------------------------------------------------
!
! Design Response: Stiffness_Measure
!
DRESP
  ID_NAME = Stiffness_Measure
  LIST = NO_LIST
  DEF_TYPE = SYSTEM
  EL_GROUP = ALL_ELEMENTS
  TYPE = ENERGY_STIFF_MEASURE
  GROUP_OPER = SUM
  LC_SEL = SUM 
  LC_SET = STATIC, ALL, ALL, MAX
END_

! ----------------------------------------------------------------
!
! Design Response: Mass_DResp_1
!
DRESP
  ID_NAME = Mass_DResp_1
  LIST = NO_LIST
  DEF_TYPE = SYSTEM
  EL_GROUP = ALL_ELEMENTS
  TYPE = WEIGHT
  GROUP_OPER = SUM
END_

! ----------------------------------------------------------------
!
!
! Design Area: Task1_DESIGN_AREA
!
DV_TOPO
  ID_NAME = Task1_DESIGN_AREA
  EL_GROUP = ALL_ELEMENTS
END_

! ----------------------------------------------------------------
!
! Objective Function: StiffnessEnergy_Obj_Func
!
OBJ_FUNC
  ID_NAME = StiffnessEnergy_Obj_Func
  DRESP = Stiffness_Measure, 1.0
  TARGET = MIN
END_

! ----------------------------------------------------------------
!
! Constraint: Mass_Constraint_1
!
CONSTRAINT
  ID_NAME = Mass_Constraint_1
  DRESP = Mass_DResp_1
  MAGNITUDE = REL
  LE_VALUE = 0.5
END_

! ----------------------------------------------------------------
!
! Geometric Restriction: Thickness_ManufacConstraint_2
!
DVCON_TOPO
  ID_NAME = Thickness_ManufacConstraint_2
  EL_GROUP = ALL_ELEMENTS
  CHECK_TYPE = MIN_MEMBER
  THICKNESS = 0.00210883
END_

! ----------------------------------------------------------------
!
! Geometric Restriction: Frozen_ManufacConstraint_3
!
DVCON_TOPO
  ID_NAME = Frozen_ManufacConstraint_3
  EL_GROUP = FROZEN_AREA_ELEMS_GRP_1
  CHECK_TYPE = FROZEN
END_

! ----------------------------------------------------------------
!
!
! Optimize: OPTIMIZE_1_TOPOLOGY_OPTIMIZATION_CONTROLLER 
!
OPTIMIZE
  ID_NAME = OPTIMIZE_1_TOPOLOGY_OPTIMIZATION_SENSITIVITY
  DV = Task1_DESIGN_AREA
  OBJ_FUNC = StiffnessEnergy_Obj_Func
  DVCON = Thickness_ManufacConstraint_2
  DVCON = Frozen_ManufacConstraint_3
  CONSTRAINT = Mass_Constraint_1
  STRATEGY = TOPO_SENSITIVITY
END_

OPT_PARAM
  ID_NAME = OPTIMIZE_1_TOPOLOGY_OPTIMIZATION_SENSITIVITY_OPT_PARAM_
  OPTIMIZE = OPTIMIZE_1_TOPOLOGY_OPTIMIZATION_SENSITIVITY
  DV_UPDATE_STRATEGY = CSA
  STABILIZATION = YES
  AUTO_FROZEN = BOTH
  AUTO_FROZEN_CON = BOTH
  STOP_CRITERION_LEVEL = BOTH
  STOP_CRITERION_OBJ = 0.001
  STOP_CRITERION_DENSITY = 0.005
END_

STOP
  ID_NAME = Task-1_GLOBAL_STOP_CONDITION_
  ITER_MAX = 75
END_

