Iteration	CPUTime	PhysTime	Travels	Value	AvValue	MinValue	MaxValue	Delta	Criteria	PrevAvRefValue	Progress	CriteriaType	CriteriaVarType	CriteriaPercentage
1	15	0	0.00708609408	500.127401	500.127401	500.127401	500.127401	0	0	0	0	0	0	3
2	17	0	0.0141721882	12.7691995	256.4483	12.7691995	500.127401	243.679101	0	0	0	0	0	3
3	19	0	0.0212582822	55.0640249	189.320208	12.7691995	500.127401	310.807193	0	0	0	0	0	3
4	21	0	0.0283443763	-3.16547697	141.198787	-3.16547697	500.127401	358.928614	0	0	0	0	0	3
5	23	0	0.0354304704	40.7623312	121.111496	-3.16547697	500.127401	379.015905	0	0	0	0	0	3
6	25	0	0.0425165645	11.1551133	102.785432	-3.16547697	500.127401	397.341969	0	0	0	0	0	3
7	27	0	0.0496026586	30.4103334	92.4461323	-3.16547697	500.127401	407.681269	0	0	0	0	0	3
8	29	0	0.0566887527	16.4270775	82.9437505	-3.16547697	500.127401	417.183651	0	0	0	0	0	3
9	31	0	0.0637748467	27.2383697	76.7542637	-3.16547697	500.127401	423.373137	0	0	0	0	0	3
10	33	0	0.0708609408	19.817886	71.060626	-3.16547697	500.127401	429.066775	0	0	0	0	0	3
11	35	0	0.0779470349	25.37942	66.9077891	-3.16547697	500.127401	433.219612	0	0	0	0	0	3
12	37	0	0.085033129	22.5792098	63.2137408	-3.16547697	500.127401	436.91366	0	0	0	0	0	3
13	39	0	0.0921192231	25.365324	60.3023241	-3.16547697	500.127401	439.825077	0	0	0	0	0	3
14	41	0	0.0992053172	24.0110913	57.7100932	-3.16547697	500.127401	442.417308	0	0	0	0	0	3
15	43	0	0.106291411	25.6005477	55.5694568	-3.16547697	500.127401	444.557944	0	0	0	0	0	3
16	45	0	0.113377505	24.8930825	53.6521834	-3.16547697	500.127401	446.475218	0	0	0	0	0	3
17	47	0	0.120463599	25.626826	52.003633	-3.16547697	500.127401	448.123768	0	0	0	0	0	3
18	49	0	0.127549693	25.1924652	50.5141237	-3.16547697	500.127401	449.613277	0	0	0	0	0	3
19	51	0	0.134635788	25.4857285	49.1968397	-3.16547697	500.127401	450.930561	0	0	0	0	0	3
20	53	0	0.141721882	25.3237596	48.0031857	-3.16547697	500.127401	452.124215	0	0	0	0	0	3
21	55	0	0.148807976	25.3196576	46.9230177	-3.16547697	500.127401	453.204383	0	0	0	0	0	3
22	57	0	0.15589407	25.332877	45.9416477	-3.16547697	500.127401	454.185753	0	0	0	0	0	3
23	59	0	0.162980164	25.2626	45.0425586	-3.16547697	500.127401	455.084842	0	0	0	0	0	3
24	61	0	0.170066258	25.3640936	44.2226226	-3.16547697	500.127401	455.904778	0	0	0	0	0	3
25	63	0	0.177152352	25.2494642	43.4636963	-3.16547697	500.127401	456.663705	0	0	0	0	0	3
26	65	0	0.184238446	25.3509618	42.7670526	-3.16547697	500.127401	457.360348	0	0	0	0	0	3
27	67	0	0.19132454	25.3008469	42.1201561	-3.16547697	500.127401	458.007245	0	0	0	0	0	3
28	69	0	0.198410634	25.3977742	41.5229282	-3.16547697	500.127401	458.604473	0	0	0	0	0	3
29	71	0	0.205496728	25.3395333	40.9648801	-3.16547697	500.127401	459.162521	0	0	0	0	0	3
30	73	0	0.212582822	25.4147249	40.4465416	-3.16547697	500.127401	459.68086	0	0	0	0	0	3
31	75	0	0.219668917	25.3696057	39.9601888	-3.16547697	500.127401	460.167212	0	0	0	0	0	3
32	77	0	0.226755011	25.4424719	39.5065102	-3.16547697	500.127401	460.620891	0	0	0	0	0	3
33	79	0	0.233841105	25.3848587	39.0785813	-3.16547697	500.127401	461.04882	0	0	0	0	0	3
34	81	0	0.240927199	25.4351598	38.6773042	-3.16547697	500.127401	461.450097	0	0	0	0	0	3
35	83	0	0.248013293	25.3726242	38.2971705	-3.16547697	500.127401	461.830231	0	0	0	0	0	3
36	85	0	0.255099387	25.4570677	37.940501	-3.16547697	500.127401	462.1869	0	0	0	0	0	3
37	87	0	0.262185481	25.4730509	37.6035429	-3.16547697	500.127401	462.523858	0	0	0	0	0	3
38	89	0	0.269271575	25.5860136	37.2872921	-3.16547697	500.127401	462.840109	0	0	0	0	0	3
39	91	0	0.276357669	25.6332247	36.9884699	-3.16547697	500.127401	463.138931	0	0	0	0	0	3
40	93	0	0.283443763	25.7806582	36.7082746	-3.16547697	500.127401	463.419127	0	0	0	0	0	3
41	95	0	0.290529857	25.8620767	36.4437332	-3.16547697	500.127401	463.683668	0	0	0	0	0	3
42	97	0	0.297615951	26.0492724	36.196246	-3.16547697	500.127401	463.931155	0	0	0	0	0	3
43	99	0	0.304702046	26.1701993	35.9630821	-3.16547697	500.127401	464.164319	0	0	0	0	0	3
44	101	0	0.31178814	26.3578048	35.7447804	-3.16547697	500.127401	464.382621	0	0	0	0	0	3
45	103	0	0.318874234	26.4517595	35.5382688	-3.16547697	500.127401	464.589132	0	0	0	0	0	3
46	105	0	0.325960328	26.5918579	35.3437816	-3.16547697	500.127401	464.783619	0	0	0	0	0	3
47	107	0	0.333046422	26.630636	35.1583955	-3.16547697	500.127401	464.969006	0	0	0	0	0	3
48	110	0	0.340132516	26.718998	34.9825748	-3.16547697	500.127401	465.144826	0	0	0	0	0	3
49	112	0	0.34721861	26.7019241	34.8135819	-3.16547697	500.127401	465.313819	0	0	0	0	0	3
50	114	0	0.354304704	26.7534085	34.6523784	-3.16547697	500.127401	465.475023	0	0	0	0	0	3
51	116	0	0.361390798	26.7292941	34.4970238	-3.16547697	500.127401	465.630377	0	0	0	0	0	3
52	118	0	0.368476892	26.7732752	34.3484902	-3.16547697	500.127401	465.778911	0	0	0	0	0	3
53	119	0	0.375562986	26.7343209	34.2048266	-3.16547697	500.127401	465.922574	0	0	0	0	0	3
54	121	0	0.38264908	26.757087	34.0669055	-3.16547697	500.127401	466.060496	0	0	0	0	0	3
55	123	0	0.389735175	26.6883965	33.9327508	-3.16547697	500.127401	466.19465	0	0	0	0	0	3
56	125	0	0.396821269	26.6830413	33.8032917	-3.16547697	500.127401	466.324109	0	0	0	0	0	3
57	127	0	0.403907363	26.5846927	33.6766496	-3.16547697	500.127401	466.450751	0	0	0	0	0	3
58	129	0	0.410993457	26.5621084	33.5539851	-3.16547697	500.127401	466.573416	0	0	0	0	0	3
59	131	0	0.418079551	26.464185	33.433819	-3.16547697	500.127401	466.693582	0	0	0	0	0	3
60	133	0	0.425165645	26.4395218	33.3172474	-3.16547697	500.127401	466.810154	0	0	0	0	0	3
61	135	0	0.432251739	26.3378562	33.2028311	-3.16547697	500.127401	466.92457	0	0	0	0	0	3
62	137	0	0.439337833	26.3200094	33.0918179	-3.16547697	500.127401	467.035583	0	0	0	0	0	3
63	139	0	0.446423927	26.2182062	32.9827129	-3.16547697	500.127401	467.144688	0	0	0	0	0	3
64	141	0	0.453510021	26.1996721	32.8767279	-3.16547697	500.127401	467.250673	0	0	0	0	0	3
65	143	0	0.460596115	26.1137658	32.7726824	-3.16547697	500.127401	467.354719	0	0	0	0	0	3
66	145	0	0.467682209	26.0996787	32.6715762	-3.16547697	500.127401	467.455825	0	0	0	0	0	3
67	147	0	0.474768304	26.0089397	32.5721339	-3.16547697	500.127401	467.555267	0	0	0	0	0	3
68	149	0	0.481854398	25.9914763	32.4753595	-3.16547697	500.127401	467.652042	0	0	0	0	0	3
69	151	0	0.488940492	25.8925051	32.3799558	-3.16547697	500.127401	467.747445	0	0	0	0	0	3
70	152	0	0.496026586	25.8775474	32.2870643	-3.16547697	500.127401	467.840337	0	0	0	0	0	3
71	154	0	0.50311268	25.7920779	32.1955856	-3.16547697	500.127401	467.931815	0	0	0	0	0	3
72	156	0	0.510198774	25.7900698	25.5147781	-3.16547697	55.0640249	58.2295018	0	0	0	0	0	3
73	158	0	0.517284868	25.7151895	25.697116	-3.16547697	55.0640249	58.2295018	0	0	0	0	0	3
74	160	0	0.524370962	25.7248611	25.2838884	-3.16547697	40.7623312	43.9278082	0	0	0	0	0	3
75	162	0	0.531457056	25.667477	25.6899863	11.1551133	40.7623312	29.6072179	0	0	0	0	0	3
76	164	0	0.53854315	25.6936348	25.4777511	11.1551133	30.4103334	19.2552201	0	0	0	0	0	3
77	166	0	0.545629244	25.6605101	25.6820525	16.4270775	30.4103334	13.9832559	0	0	0	0	0	3
78	168	0	0.552715338	25.7066801	25.6158039	16.4270775	27.2383697	10.8112923	0	0	0	0	0	3
79	170	0	0.559801433	25.6904916	25.7462745	19.817886	27.2383697	7.42048368	0	0	0	0	0	3
80	172	0	0.566887527	25.7540411	25.7253684	19.817886	26.7732752	6.95538913	0	0	0	0	0	3
81	174	0	0.573973621	25.7415067	25.8087997	22.5792098	26.7732752	4.19406537	0	0	0	0	0	3
82	176	0	0.581059715	25.8013157	25.8147419	22.5792098	26.7732752	4.19406537	0	0	0	0	0	3
83	178	0	0.588145809	25.7984289	25.860083	24.0110913	26.7732752	2.76218389	0	0	0	0	0	3
84	180	0	0.595231903	25.8735344	25.8672409	24.0110913	26.7732752	2.76218389	0	0	0	0	0	3
85	182	0	0.602317997	25.8848009	25.8936312	24.8930825	26.7732752	1.88019264	0	0	0	0	0	3
86	184	0	0.609404091	25.9718115	25.8988603	24.8930825	26.7732752	1.88019264	0	0	0	0	0	3
87	186	0	0.616490185	25.9809636	25.9141825	25.1924652	26.7732752	1.58080996	0	0	0	0	0	3
88	188	0	0.623576279	26.056155	25.9202294	25.1924652	26.7732752	1.58080996	0	0	0	0	0	3
89	190	0	0.630662373	26.0435401	25.9322164	25.2494642	26.7732752	1.52381097	0	0	0	0	0	3
90	192	0	0.637748467	26.1062352	25.9409559	25.2494642	26.7732752	1.52381097	0	0	0	0	0	3
91	194	0	0.644834562	26.0883778	25.9517252	25.2494642	26.7732752	1.52381097	0	0	0	0	0	3
92	196	0	0.651920656	26.1525553	25.9634561	25.2494642	26.7732752	1.52381097	0	0	0	0	0	3
93	198	0	0.65900675	26.1340867	25.9747408	25.2494642	26.7732752	1.52381097	0	0	0	0	0	3
94	200	0	0.666092844	26.1856038	25.9877408	25.2494642	26.7732752	1.52381097	0	0	0	0	0	3
95	201	0	0.673178938	26.1576506	25.9989177	25.2494642	26.7732752	1.52381097	0	0	0	0	0	3
96	203	0	0.680265032	26.1942451	26.0122245	25.3008469	26.7732752	1.47242828	0	0	0	0	0	3
97	205	0	0.687351126	26.1552031	26.0235518	25.3008469	26.7732752	1.47242828	0	0	0	0	0	3
98	207	0	0.69443722	26.1896928	26.0360708	25.3395333	26.7732752	1.43374191	0	0	0	0	0	3
99	209	0	0.701523314	26.1551659	26.0467383	25.3395333	26.7732752	1.43374191	0	0	0	0	0	3
100	211	0	0.708609408	26.1917927	26.0587419	25.3696057	26.7732752	1.40366948	0	0	0	0	0	3
101	216	0	0.715695502	26.1556772	26.0691779	25.3696057	26.7732752	1.40366948	0	0	0	0	0	3
102	218	0	0.722781596	26.1830713	26.0806351	25.3726242	26.7732752	1.40065101	0	0	0	0	0	3
103	220	0	0.729867691	26.136739	26.0904135	25.3726242	26.7732752	1.40065101	0	0	0	0	0	3
104	222	0	0.736953785	26.1580016	26.1013029	25.3726242	26.7732752	1.40065101	0	0	0	0	0	3
105	224	0	0.744039879	26.1171245	26.110908	25.3726242	26.7732752	1.40065101	0	0	0	0	0	3
106	225	0	0.751125973	26.1433159	26.1217628	25.4570677	26.7732752	1.31620748	0	0	0	0	0	3
107	227	0	0.758212067	26.1083545	26.1309359	25.4730509	26.7732752	1.30022422	0	0	0	0	0	3
108	229	0	0.765298161	26.1292703	26.1401784	25.5860136	26.7732752	1.1872616	0	0	0	0	0	3
109	231	0	0.772384255	26.0865774	26.1472286	25.6332247	26.7732752	1.14005042	0	0	0	0	0	3
110	233	0	0.779470349	26.1102742	26.1539476	25.6605101	26.7732752	1.11276504	0	0	0	0	0	3
111	235	0	0.786556443	26.0684189	26.1580006	25.6605101	26.7732752	1.11276504	0	0	0	0	0	3
112	237	0	0.793642537	26.0931274	26.1612548	25.6605101	26.7732752	1.11276504	0	0	0	0	0	3
113	239	0	0.800728631	26.0582275	26.1613809	25.6605101	26.7732752	1.11276504	0	0	0	0	0	3
114	241	0	0.807814725	26.0860791	26.1601961	25.6605101	26.7732752	1.11276504	0	0	0	0	0	3
115	243	0	0.81490082	26.0511944	26.1558777	25.6605101	26.7732752	1.11276504	0	0	0	0	0	3
116	245	0	0.821986914	26.0770007	26.1505994	25.6605101	26.7732752	1.11276504	0	0	0	0	0	3
117	247	0	0.829073008	26.0471597	26.1429276	25.6605101	26.7732752	1.11276504	0	0	0	0	0	3
118	248	0	0.836159102	26.0823104	26.1352047	25.6605101	26.7732752	1.11276504	0	0	0	0	0	3
119	250	0	0.843245196	26.0613247	26.1259417	25.6605101	26.7732752	1.11276504	0	0	0	0	0	3
120	252	0	0.85033129	26.0961207	26.1174092	25.6605101	26.7732752	1.11276504	0	0	0	0	0	3
121	254	0	0.857417384	26.0745477	26.1078478	25.6605101	26.7732752	1.11276504	0	0	0	0	0	3
122	256	0	0.864503478	26.0963175	26.0989327	25.6605101	26.7732752	1.11276504	0	0	0	0	0	3
123	258	0	0.871589572	26.0594697	26.0888791	25.6605101	26.757087	1.09657692	0	0	0	0	0	3
124	260	0	0.878675666	26.0794666	26.0796558	25.6605101	26.757087	1.09657692	0	0	0	0	0	3
125	262	0	0.88576176	26.0501236	26.0696985	25.6605101	26.6883965	1.02788634	0	0	0	0	0	3
126	264	0	0.892847854	26.0742357	26.0610484	25.6605101	26.6830413	1.02253113	0	0	0	0	0	3
127	266	0	0.899933949	26.0487972	26.0521154	25.6605101	26.5846927	0.924182594	0	0	0	0	0	3
128	268	0	0.907020043	26.065324	26.0448003	25.6605101	26.5621084	0.901598311	0	0	0	0	0	3
129	270	0	0.914106137	26.0341535	26.0373643	25.6605101	26.464185	0.803674906	0	0	0	0	0	3
130	271	0	0.921192231	26.0451229	26.031462	25.6605101	26.4395218	0.77901172	0	0	0	0	0	3
131	273	0	0.928278325	26.0087527	26.0253949	25.6605101	26.3378562	0.677346027	0	0	0	0	0	3
132	275	0	0.935364419	26.0203771	26.0209233	25.6605101	26.3200094	0.659499237	0	0	0	0	0	3
133	277	0	0.942450513	25.9893427	26.0162661	25.6605101	26.2182062	0.557696073	0	0	0	0	0	3
134	279	0	0.949536607	26.0106604	26.0133429	25.6605101	26.1996721	0.539162012	0	0	0	0	0	3
135	281	0	0.956622701	25.9781293	26.0102226	25.6605101	26.1942451	0.533734984	0	0	0	0	0	3
136	283	0	0.963708795	25.9961799	26.0085664	25.6605101	26.1942451	0.533734984	0	0	0	0	0	3
137	285	0	0.970794889	25.9631411	26.0066434	25.6605101	26.1942451	0.533734984	0	0	0	0	0	3
138	287	0	0.977880983	25.9781303	26.0062094	25.6605101	26.1942451	0.533734984	0	0	0	0	0	3
139	289	0	0.984967078	25.9433116	26.005531	25.6605101	26.1942451	0.533734984	0	0	0	0	0	3
140	291	0	0.992053172	25.9707324	26.0066328	25.6605101	26.1942451	0.533734984	0	0	0	0	0	3
141	293	0	0.999139266	25.9499081	26.007652	25.6605101	26.1942451	0.533734984	0	0	0	0	0	3
142	295	0	1.00622536	25.9798532	26.0102967	25.6605101	26.1942451	0.533734984	1.74688506	0	100	0	0	3
143	296	0	1.01331145	25.9580697	26.0126629	25.6605101	26.1942451	0.533734984	1.74688506	0	100	0	0	3
144	298	0	1.02039755	25.9857464	26.0164736	25.6605101	26.1942451	0.533734984	1.74688506	0	100	0	0	3
145	300	0	1.02748364	25.9641238	26.0198435	25.6605101	26.1942451	0.533734984	1.74688506	0	100	0	0	3
146	302	0	1.03456974	25.9956404	26.0244655	25.6605101	26.1942451	0.533734984	1.74688506	0	100	0	0	3
147	304	0	1.04165583	25.9791215	26.0284864	25.6605101	26.1942451	0.533734984	1.74688506	0	100	0	0	3
148	306	0	1.04874192	26.0121101	26.0334385	25.6904916	26.1942451	0.503753531	1.74688506	0	100	0	0	3
149	308	0	1.05582802	26.0018442	26.0375958	25.6904916	26.1942451	0.436012492	1.74688506	0	100	0	0	3
150	310	0	1.06291411	26.0336769	26.0424294	25.7415067	26.1942451	0.436012492	1.74688506	0	100	0	0	3
151	312	0	1.07000021	26.0167018	26.0461288	25.7415067	26.1942451	0.352581215	1.74688506	0	100	0	0	3
152	314	0	1.0770863	26.0405541	26.0503408	25.7984289	26.1942451	0.346639022	1.74688506	0	100	0	0	3
153	316	0	1.08417239	26.0210578	26.0534357	25.7984289	26.1942451	0.301297908	1.74688506	0	100	0	0	3
154	318	0	1.09125849	26.0515691	26.0570011	25.8735344	26.1942451	0.294140014	1.74688506	0	100	0	0	3
155	319	0	1.09834458	26.0333748	26.0592524	25.8848009	26.1942451	0.267749739	1.74688506	0	100	0	0	3
156	321	0	1.10543068	26.0695164	26.061854	25.9433116	26.1942451	0.25093352	1.74688506	0	100	0	0	3
157	323	0	1.11251677	26.053339	26.0630023	25.9433116	26.1942451	0.247198403	1.74688506	0	100	0	0	3
158	325	0	1.11960287	26.0814581	26.0644177	25.9433116	26.1942451	0.241151515	1.74688506	0	100	0	0	3
159	327	0	1.12668896	26.0595658	26.0644657	25.9433116	26.1942451	0.229164545	1.74688506	0	100	0	0	3
160	329	0	1.13377505	26.0804719	26.0649859	25.9433116	26.1942451	0.220425013	1.74688506	0	100	0	0	3
161	331	0	1.14086115	26.0563522	26.0642833	25.9433116	26.1942451	0.209655743	1.74688506	0	100	0	0	3
162	333	0	1.14794724	26.0764222	26.0641149	25.9433116	26.1942451	0.197924789	1.74688506	0	100	0	0	3
163	335	0	1.15503334	26.0531634	26.062715	25.9433116	26.1942451	0.186640146	1.74688506	0	100	0	0	3
164	336	0	1.16211943	26.0740897	26.06187	25.9433116	26.1942451	0.173640092	1.74688506	0	100	0	0	3
165	338	0	1.16920552	26.0459874	26.0599036	25.9433116	26.1942451	0.162463234	1.74688506	0	100	0	0	3
166	340	0	1.17629162	26.0609423	26.0585415	25.9433116	26.1942451	0.155849895	1.74688506	0	100	0	0	3
167	342	0	1.18337771	26.0256696	26.0561672	25.9433116	26.1917927	0.155849895	1.74688506	0	100	0	0	3
168	344	0	1.19046381	26.0442457	26.0546044	25.9433116	26.1917927	0.155849895	1.74688506	0	100	0	0	3
169	346	0	1.1975499	26.0150794	26.0521451	25.9433116	26.1917927	0.155849895	1.74688506	0	100	0	0	3
170	348	0	1.20463599	26.0396881	26.0505186	25.9433116	26.1917927	0.155849895	1.74688506	0	100	0	0	3
171	350	0	1.21172209	26.0186519	26.04808	25.9433116	26.1830713	0.155849895	1.74688506	0	100	0	0	3
172	352	0	1.21880818	26.0429583	26.0464924	25.9433116	26.1830713	0.155849895	1.74688506	0	100	0	0	3
173	354	0	1.22589428	26.0176523	26.0441626	25.9433116	26.1580016	0.155849895	1.74688506	0	100	0	0	3
174	356	0	1.23298037	26.0333158	26.0427059	25.9433116	26.1580016	0.155849895	1.74688506	0	100	0	0	3
175	358	0	1.24006646	26.0099581	26.0406208	25.9433116	26.1433159	0.155849895	1.74688506	0	100	0	0	3
176	363	0	1.24715256	26.0364504	26.0394845	25.9433116	26.1433159	0.155849895	1.74688506	0	100	0	0	3
177	369	0	1.25423865	26.0207826	26.0377587	25.9433116	26.1292703	0.155849895	1.74688506	0	100	0	0	3
178	374	0	1.26132475	26.0534818	26.0369859	25.9433116	26.1292703	0.155849895	1.74688506	0	100	0	0	3
179	381	0	1.26841084	26.0364313	26.0356783	25.9433116	26.1102742	0.155849895	1.74688506	0	100	0	0	3
180	388	0	1.27549693	26.0654208	26.0353803	25.9433116	26.1102742	0.155849895	1.74688506	0	100	0	0	3
181	394	0	1.28258303	26.0505458	26.034539	25.9433116	26.0963175	0.153005876	1.74688506	0	100	0	0	3
182	400	0	1.28966912	26.0772058	26.0346628	25.9433116	26.0963175	0.153005876	1.74688506	0	100	0	0	3
183	407	0	1.29675522	26.063466	26.034245	25.9433116	26.0963175	0.153005876	1.74688506	0	100	0	0	3
184	414	0	1.30384131	26.0894946	26.0346854	25.9433116	26.0963175	0.153005876	1.74688506	0	100	0	0	3
185	421	0	1.31092741	26.073391	26.0345067	25.9433116	26.0963175	0.150346647	1.74688506	0	100	0	0	3
186	427	0	1.3180135	26.0986	26.0351744	25.9433116	26.0986	0.145068353	1.74688506	0	100	0	0	3
187	433	0	1.32509959	26.0840053	26.035273	25.9433116	26.0986	0.137396547	1.74688506	0	100	0	0	3
188	439	0	1.33218569	26.1151315	26.0362304	25.9433116	26.1151315	0.12967365	1.74688506	0	100	0	0	3
189	445	0	1.33927178	26.0990023	26.0364655	25.9433116	26.1151315	0.120410644	1.74688506	0	100	0	0	3
190	451	0	1.34635788	26.1353992	26.0375088	25.9433116	26.1353992	0.111878202	1.74688506	0	100	0	0	3
191	458	0	1.35344397	26.1158307	26.0377864	25.9433116	26.1353992	0.102316782	1.74688506	0	100	0	0	3
192	465	0	1.36053006	26.1503914	26.0388546	25.9433116	26.1503914	0.0934016177	1.74688506	0	100	0	0	3
193	472	0	1.36761616	26.125817	26.0392701	25.9433116	26.1503914	0.0833480193	1.74688506	0	100	0	0	3
194	478	0	1.37470225	26.1591357	26.0406739	25.9433116	26.1591357	0.0741247195	1.74688506	0	100	0	0	3
195	485	0	1.38178835	26.1361008	26.0414715	25.9433116	26.1591357	0.0641674884	1.74688506	0	100	0	0	3
196	491	0	1.38887444	26.1746475	26.0432254	25.9433116	26.1746475	0.0594548358	1.74688506	0	100	0	0	3
197	497	0	1.39596053	26.1512996	26.0443108	25.9433116	26.1746475	0.0594548358	1.74688506	0	100	0	0	3
198	504	0	1.40304663	26.1910002	26.0463136	25.9433116	26.1910002	0.0594548358	1.74688506	0	100	0	0	3
199	509	0	1.41013272	26.1690673	26.0477748	25.9433116	26.1910002	0.0594548358	1.74688506	0	100	0	0	3
200	516	0	1.41721882	26.2107854	26.0502626	25.9433116	26.2107854	0.0594548358	1.74688506	0	100	0	0	3
201	529	0	1.42430491	26.1929847	26.0523452	25.9433116	26.2107854	0.0594548358	1.74688506	0	100	0	0	3
202	536	0	1.431391	26.2359511	26.0555451	25.9433116	26.2359511	0.0594548358	1.74688506	0	100	0	0	3
203	542	0	1.4384771	26.214169	26.0582746	25.9433116	26.2359511	0.0594548358	1.74688506	0	100	0	0	3
204	547	0	1.44556319	26.2485458	26.0619253	25.9433116	26.2485458	0.0594548358	1.74688506	0	100	0	0	3
205	552	0	1.45264929	26.2205654	26.0648817	25.9433116	26.2485458	0.0594548358	1.74688506	0	100	0	0	3
206	557	0	1.45973538	26.2529877	26.068753	25.9433116	26.2529877	0.0632219476	1.74688506	0	100	0	0	3
207	562	0	1.46682148	26.2327173	26.0720845	25.9433116	26.2529877	0.0665534594	1.74688506	0	100	0	0	3
208	566	0	1.47390757	26.2769352	26.0765041	25.9433116	26.2769352	0.0709730942	1.74688506	0	100	0	0	3
209	572	0	1.48099366	26.2555597	26.0804116	25.9433116	26.2769352	0.074880551	1.74688506	0	100	0	0	3
210	577	0	1.48807976	26.2928743	26.085335	25.9499081	26.2928743	0.0787021755	1.74688506	0	100	0	0	3
211	582	0	1.49516585	26.2653207	26.0894841	25.9499081	26.2928743	0.0818321424	1.74688506	0	100	0	0	3
212	587	0	1.50225195	26.3002012	26.0944179	25.9580697	26.3002012	0.0841211264	1.74688506	0	100	0	0	3
213	591	0	1.50933804	26.2680717	26.0984773	25.9580697	26.3002012	0.0858143459	1.74688506	0	100	0	0	3
214	596	0	1.51642413	26.304807	26.1033609	25.9641238	26.304807	0.0868873078	1.74688506	0	100	0	0	3
215	601	0	1.52351023	26.2736656	26.1074161	25.9641238	26.304807	0.0875726103	1.74688506	0	100	0	0	3
216	607	0	1.53059632	26.3135673	26.1123378	25.9791215	26.3135673	0.0878723316	1.74688506	0	100	0	0	3
217	612	0	1.53768242	26.2833162	26.1163896	25.9791215	26.3135673	0.087903163	1.74688506	0	100	0	0	3
218	616	0	1.54476851	26.3187461	26.121173	26.0018442	26.3187461	0.0877344953	1.74688506	0	100	0	0	3
219	621	0	1.5518546	26.2868073	26.125042	26.0018442	26.3187461	0.0907969904	1.74688506	0	100	0	0	3
220	626	0	1.5589407	26.314141	26.1294406	26.0099581	26.3187461	0.0951955371	1.74688506	0	100	0	0	3
221	631	0	1.56602679	26.281251	26.1329275	26.0099581	26.3187461	0.0986824954	1.74688506	0	100	0	0	3
222	635	0	1.57311289	26.3046841	26.1369836	26.0099581	26.3187461	0.102738583	1.74688506	0	100	0	0	3
223	640	0	1.58019898	26.2706668	26.1402246	26.0099581	26.3187461	0.105979607	1.74688506	0	100	0	0	3
224	645	0	1.58728507	26.2970823	26.1441123	26.0099581	26.3187461	0.109867276	1.74688506	0	100	0	0	3
225	650	0	1.59437117	26.2620274	26.1470765	26.0099581	26.3187461	0.112831477	1.74688506	0	100	0	0	3
226	654	0	1.60145726	26.2856893	26.1506302	26.0099581	26.3187461	0.116385202	1.74688506	0	100	0	0	3
227	659	0	1.60854336	26.2523808	26.1532058	26.0099581	26.3187461	0.118960757	1.74688506	0	100	0	0	3
228	663	0	1.61562945	26.276391	26.1563474	26.0099581	26.3187461	0.122102335	1.74688506	0	100	0	0	3
229	668	0	1.62271555	26.250206	26.1587241	26.0099581	26.3187461	0.124479066	1.74688506	0	100	0	0	3
230	673	0	1.62980164	26.274318	26.1617488	26.0099581	26.3187461	0.127503744	1.74688506	0	100	0	0	3
231	678	0	1.63688773	26.2522914	26.1641688	26.0099581	26.3187461	0.129923737	1.74688506	0	100	0	0	3
232	683	0	1.64397383	26.2797388	26.1673151	26.0099581	26.3187461	0.133070028	1.74688506	0	100	0	0	3
233	687	0	1.65105992	26.2552086	26.1698332	26.0099581	26.3187461	0.135588146	1.74688506	0	100	0	0	3
234	692	0	1.65814602	26.280206	26.173031	26.0099581	26.3187461	0.13878593	1.74688506	0	100	0	0	3
235	698	0	1.66523211	26.2502594	26.1755122	26.0099581	26.3187461	0.141267194	1.74688506	0	100	0	0	3
236	702	0	1.6723182	26.2810832	26.1788234	26.0099581	26.3187461	0.144578402	1.74688506	0	100	0	0	3
237	707	0	1.6794043	26.2526871	26.1815241	26.0099581	26.3187461	0.147279033	1.74688506	0	100	0	0	3
238	712	0	1.68649039	26.2791916	26.1850948	26.0099581	26.3187461	0.150849765	1.74688506	0	100	0	0	3
239	717	0	1.69357649	26.2580318	26.1881059	26.0099581	26.3187461	0.153860836	1.74688506	0	100	0	0	3
240	722	0	1.70066258	26.2815313	26.1918587	26.0099581	26.3187461	0.157613679	1.74688506	0	100	0	0	3
241	726	0	1.70774867	26.2596245	26.1949564	26.0099581	26.3187461	0.160711375	1.74688506	0	100	0	0	3
242	731	0	1.71483477	26.279966	26.1986369	26.0099581	26.3187461	0.164391855	1.74688506	0	100	0	0	3
243	736	0	1.72192086	26.2501229	26.2015547	26.0099581	26.3187461	0.167309667	1.74688506	0	100	0	0	3
244	741	0	1.72900696	26.2665767	26.2050607	26.0099581	26.3187461	0.170815644	1.74688506	0	100	0	0	3
245	745	0	1.73609305	26.2444396	26.2080342	26.0099581	26.3187461	0.173789219	1.74688506	0	100	0	0	3
246	750	0	1.74317914	26.2692086	26.2116857	26.0207826	26.3187461	0.177440635	1.74688506	0	100	0	0	3
247	754	0	1.75026524	26.2529538	26.214735	26.0207826	26.3187461	0.180489978	1.74688506	0	100	0	0	3
248	759	0	1.75735133	26.2712472	26.2182627	26.0364313	26.3187461	0.184017649	1.74688506	0	100	0	0	3
249	764	0	1.76443743	26.253454	26.2210792	26.0364313	26.3187461	0.186834159	1.74688506	0	100	0	0	3
250	768	0	1.77152352	26.2681352	26.2243426	26.0505458	26.3187461	0.190097594	1.74688506	0	100	0	0	3
251	773	0	1.77860961	26.2488463	26.2269261	26.0505458	26.3187461	0.192681051	1.74688506	0	100	0	0	3
252	778	0	1.78569571	26.2644875	26.2299393	26.063466	26.3187461	0.195694315	1.74688506	0	100	0	0	3
253	783	0	1.7927818	26.2505673	26.2323811	26.063466	26.3187461	0.198136025	1.74688506	0	100	0	0	3
254	787	0	1.7998679	26.2711872	26.2353067	26.073391	26.3187461	0.200800003	1.74688506	0	100	0	0	3
255	792	0	1.80695399	26.2570661	26.2376669	26.073391	26.3187461	0.203160166	1.74688506	0	100	0	0	3
256	796	0	1.81404009	26.274114	26.240494	26.0840053	26.3187461	0.205319566	1.74688506	0	100	0	0	3
257	801	0	1.82112618	26.257399	26.2427306	26.0840053	26.3187461	0.207457515	1.74688506	0	100	0	0	3
258	806	0	1.82821227	26.2732947	26.2453966	26.0990023	26.3187461	0.209166213	1.74688506	0	100	0	0	3
259	811	0	1.83529837	26.2640064	26.2474934	26.0990023	26.3187461	0.211027945	1.74688506	0	100	0	0	3
260	816	0	1.84238446	26.2836884	26.2500946	26.1158307	26.3187461	0.20291539	1.74688506	0	100	0	0	3
261	821	0	1.84947056	26.271938	26.2520177	26.1158307	26.3187461	0.20291539	1.74688506	0	100	0	0	3
262	826	0	1.85655665	26.2968142	26.2545668	26.125817	26.3187461	0.192929039	1.74688506	0	100	0	0	3
263	831	0	1.86364274	26.2760856	26.2563371	26.125817	26.3187461	0.192929039	1.74688506	0	100	0	0	3
264	836	0	1.87072884	26.2974985	26.2587552	26.1361008	26.3187461	0.182645322	1.74688506	0	100	0	0	3
265	840	0	1.87781493	26.2716991	26.2603406	26.1361008	26.3187461	0.182645322	1.74688506	0	100	0	0	3
266	845	0	1.88490103	26.2972513	26.2626103	26.1512996	26.3187461	0.167446449	1.74688506	0	100	0	0	3
267	850	0	1.89198712	26.2740419	26.2640102	26.1512996	26.3187461	0.167446449	1.74688506	0	100	0	0	3
268	854	0	1.89907321	26.3047144	26.266171	26.1690673	26.3187461	0.149678764	1.74688506	0	100	0	0	3
269	859	0	1.90615931	26.280114	26.2674261	26.1690673	26.3187461	0.149678764	1.74688506	0	100	0	0	3
270	863	0	1.9132454	26.3098119	26.2694084	26.1929847	26.3187461	0.125761422	1.74688506	0	100	0	0	3
271	868	0	1.9203315	26.2848862	26.2704521	26.1929847	26.3187461	0.125761422	1.74688506	0	100	0	0	3
272	873	0	1.92741759	26.3056188	26.2720385	26.214169	26.3187461	0.104577118	1.74688506	0	100	0	0	3
273	878	0	1.93450368	26.2750487	26.2725892	26.214169	26.3187461	0.104577118	1.74688506	0	100	0	0	3
274	884	0	1.94158978	26.3024868	26.2738331	26.2205654	26.3187461	0.0981807266	1.74688506	0	100	0	0	3
275	889	0	1.94867587	26.2797809	26.274273	26.2205654	26.3187461	0.0981807266	1.74688506	0	100	0	0	3
276	893	0	1.95576197	26.3093987	26.2755242	26.2327173	26.3187461	0.0860288346	1.74688506	0	100	0	0	3
277	898	0	1.96284806	26.2858624	26.2759872	26.2327173	26.3187461	0.0860288346	1.74688506	0	100	0	0	3
278	903	0	1.96993416	26.3121959	26.2771066	26.2444396	26.3187461	0.0743064383	1.74688506	0	100	0	0	3
279	908	0	1.97702025	26.2842856	26.2772102	26.2444396	26.3187461	0.0743064383	1.74688506	0	100	0	0	3
280	912	0	1.98410634	26.3078528	26.2779467	26.2444396	26.3187461	0.0743064383	1.74688506	0	100	0	0	3
281	917	0	1.99119244	26.2813539	26.2777844	26.2444396	26.3187461	0.0743064383	1.74688506	0	100	0	0	3
282	922	0	1.99827853	26.3129031	26.2784546	26.2444396	26.3187461	0.0743064383	1.74688506	0	100	0	0	3
283	927	0	2.00536463	26.2910637	26.2783259	26.2444396	26.3187461	0.0743064383	1.74688506	0	100	0	0	3
284	932	0	2.01245072	26.3278753	26.2791682	26.2444396	26.3278753	0.083435652	1.74688506	0	100	0	0	3
285	937	0	2.01953681	26.3044287	26.2791629	26.2444396	26.3278753	0.083435652	1.74688506	0	100	0	0	3
286	943	0	2.02662291	26.3334686	26.2800052	26.2444396	26.3334686	0.0890289078	1.74688506	0	100	0	0	3
287	948	0	2.033709	26.305267	26.2798883	26.2444396	26.3334686	0.0890289078	1.74688506	0	100	0	0	3
288	953	0	2.0407951	26.3324144	26.2805798	26.2444396	26.3334686	0.0890289078	1.74688506	0	100	0	0	3
289	958	0	2.04788119	26.3073587	26.2804194	26.2444396	26.3334686	0.0890289078	1.74688506	0	100	0	0	3
290	963	0	2.05496728	26.3405926	26.281177	26.2444396	26.3405926	0.0961529207	1.74688506	0	100	0	0	3
291	968	0	2.06205338	26.3149079	26.2811878	26.2444396	26.3405926	0.0961529207	1.74688506	0	100	0	0	3
292	972	0	2.06913947	26.3434479	26.2820638	26.2444396	26.3434479	0.0990082175	1.74688506	0	100	0	0	3
293	977	0	2.07622557	26.3084816	26.2821173	26.2444396	26.3434479	0.0990082175	1.74688506	0	100	0	0	3
294	982	0	2.08331166	26.3245545	26.2828762	26.2444396	26.3434479	0.0990082175	1.74688506	0	100	0	0	3
295	987	0	2.09039775	26.2959005	26.2828596	26.2444396	26.3434479	0.0990082175	1.74688506	0	100	0	0	3
296	992	0	2.09748385	26.3229117	26.2837171	26.2444396	26.3434479	0.0990082175	1.74688506	0	100	0	0	3
297	997	0	2.10456994	26.3039401	26.2839742	26.2444396	26.3434479	0.0990082175	1.74688506	0	100	0	0	3
298	1002	0	2.11165604	26.336742	26.2851624	26.2444396	26.3434479	0.0990082175	1.74688506	0	100	0	0	3
299	1007	0	2.11874213	26.3118995	26.2856625	26.2444396	26.3434479	0.0990082175	1.74688506	0	100	0	0	3
300	1012	0	2.12582822	26.3441957	26.2869863	26.2444396	26.3441957	0.0997560239	1.74688506	0	100	0	0	3
301	1024	0	2.13291432	26.3111251	26.2875047	26.2444396	26.3441957	0.0997560239	1.74688506	0	100	0	0	3
302	1029	0	2.14000041	26.3364446	26.2886899	26.2444396	26.3441957	0.0997560239	1.74688506	0	100	0	0	3
303	1034	0	2.14708651	26.3137635	26.2891692	26.2444396	26.3441957	0.0997560239	1.74688506	0	100	0	0	3
304	1039	0	2.1541726	26.3478884	26.2904745	26.2444396	26.3478884	0.103448792	1.74688506	0	100	0	0	3
305	1044	0	2.1612587	26.3279958	26.2911476	26.2444396	26.3478884	0.103448792	1.74688506	0	100	0	0	3
306	1049	0	2.16834479	26.3568828	26.2926494	26.2444396	26.3568828	0.112443197	1.74688506	0	100	0	0	3
307	1054	0	2.17543088	26.326875	26.2932943	26.2444396	26.3568828	0.111770244	1.74688506	0	100	0	0	3
308	1058	0	2.18251698	26.3448243	26.294592	26.2444396	26.3568828	0.109497219	1.74688506	0	100	0	0	3
309	1063	0	2.18960307	26.3108474	26.2950379	26.2444396	26.3568828	0.106932004	1.74688506	0	100	0	0	3
310	1068	0	2.19668917	26.3332659	26.2960975	26.2444396	26.3568828	0.104238797	1.74688506	0	100	0	0	3
311	1073	0	2.20377526	26.3094928	26.2964913	26.2444396	26.3568828	0.101534926	1.74688506	0	100	0	0	3
312	1078	0	2.21086135	26.3399738	26.297623	26.2444396	26.3568828	0.0989861269	1.74688506	0	100	0	0	3
313	1083	0	2.21794745	26.3200106	26.298187	26.2444396	26.3568828	0.0966323237	1.74688506	0	100	0	0	3
314	1087	0	2.22503354	26.3376419	26.2994197	26.2444396	26.3568828	0.0943590082	1.74688506	0	100	0	0	3
315	1092	0	2.23211964	26.314871	26.3000999	26.2444396	26.3568828	0.0920656342	1.74688506	0	100	0	0	3
316	1097	0	2.23920573	26.3290519	26.3012916	26.2488463	26.3568828	0.0896059403	1.74688506	0	100	0	0	3
317	1102	0	2.24629182	26.3077215	26.301834	26.2488463	26.3568828	0.0870990323	1.74688506	0	100	0	0	3
318	1107	0	2.25337792	26.3229497	26.3028199	26.2488463	26.3568828	0.0845572206	1.74688506	0	100	0	0	3
319	1111	0	2.26046401	26.3065343	26.3033169	26.2488463	26.3568828	0.0822377111	1.74688506	0	100	0	0	3
320	1116	0	2.26755011	26.3285063	26.304374	26.2488463	26.3568828	0.0800313508	1.74688506	0	100	0	0	3
321	1121	0	2.2746362	26.3076762	26.3049309	26.2488463	26.3568828	0.0780048093	1.74688506	0	100	0	0	3
322	1126	0	2.28172229	26.3238345	26.3059871	26.2505673	26.3568828	0.0760477176	1.74688506	0	100	0	0	3
323	1131	0	2.28880839	26.2980997	26.3064605	26.2505673	26.3568828	0.0740794181	1.74688506	0	100	0	0	3
324	1135	0	2.29589448	26.3148648	26.3073661	26.2570661	26.3568828	0.0720593655	1.74688506	0	100	0	0	3
325	1141	0	2.30298058	26.2906372	26.30764	26.2570661	26.3568828	0.0699731459	1.74688506	0	100	0	0	3
326	1146	0	2.31006667	26.3092534	26.308375	26.257399	26.3568828	0.0678810929	1.74688506	0	100	0	0	3
327	1151	0	2.31715277	26.2930813	26.3086422	26.257399	26.3568828	0.0659116324	1.74688506	0	100	0	0	3
328	1156	0	2.32423886	26.3135268	26.3094327	26.2640064	26.3568828	0.0640361163	1.74688506	0	100	0	0	3
329	1162	0	2.33132495	26.2971938	26.3097693	26.2640064	26.3568828	0.0622758936	1.74688506	0	100	0	0	3
330	1166	0	2.33841105	26.3145122	26.3104807	26.2716991	26.3568828	0.0603860295	1.74688506	0	100	0	0	3
331	1172	0	2.34549714	26.2978287	26.3106798	26.2716991	26.3568828	0.0586621068	1.74688506	0	100	0	0	3
332	1176	0	2.35258324	26.3136086	26.3112667	26.2716991	26.3568828	0.0566999527	1.74688506	0	100	0	0	3
333	1181	0	2.35966933	26.2909504	26.3111842	26.2716991	26.3568828	0.0549296106	1.74688506	0	100	0	0	3
334	1186	0	2.36675542	26.3198075	26.3118	26.2716991	26.3568828	0.0530447742	1.74688506	0	100	0	0	3
335	1192	0	2.37384152	26.2965388	26.3117864	26.2716991	26.3568828	0.0514593744	1.74688506	0	100	0	0	3
336	1198	0	2.38092761	26.3207043	26.3124767	26.2740419	26.3568828	0.0498663438	1.74688506	0	100	0	0	3
337	1203	0	2.38801371	26.2951698	26.3124473	26.2740419	26.3568828	0.0484664227	1.74688506	0	100	0	0	3
338	1209	0	2.3950998	26.3223554	26.3131278	26.2750487	26.3568828	0.0469568069	1.74688506	0	100	0	0	3
339	1214	0	2.40218589	26.2992599	26.313051	26.2750487	26.3568828	0.0457016829	1.74688506	0	100	0	0	3
340	1220	0	2.40927199	26.3242081	26.313672	26.2750487	26.3568828	0.0442635848	1.74688506	0	100	0	0	3
341	1224	0	2.41635808	26.2940999	26.3134507	26.2750487	26.3568828	0.0432199111	1.74688506	0	100	0	0	3
342	1229	0	2.42344418	26.3185716	26.3139252	26.2750487	26.3568828	0.0418866588	1.74688506	0	100	0	0	3
343	1234	0	2.43053027	26.289807	26.3137025	26.2750487	26.3568828	0.0413359887	1.74688506	0	100	0	0	3
344	1239	0	2.43761636	26.3154788	26.3142719	26.2797809	26.3568828	0.0404388116	1.74688506	0	100	0	0	3
345	1244	0	2.44470246	26.2897183	26.3140921	26.2797809	26.3568828	0.0399988804	1.74688506	0	100	0	0	3
346	1249	0	2.45178855	26.3180432	26.314631	26.2813539	26.3568828	0.0391067744	1.74688506	0	100	0	0	3
347	1254	0	2.45887465	26.2966158	26.3144509	26.2813539	26.3568828	0.0386437511	1.74688506	0	100	0	0	3
348	1259	0	2.46596074	26.3278006	26.3150416	26.2813539	26.3568828	0.0379349728	1.74688506	0	100	0	0	3
349	1264	0	2.47304683	26.302155	26.3149002	26.2813539	26.3568828	0.0378314462	1.74688506	0	100	0	0	3
350	1269	0	2.48013293	26.3316913	26.3155679	26.2813539	26.3568828	0.0377834475	1.74688506	0	100	0	0	3
351	1273	0	2.48721902	26.3122799	26.3156302	26.2813539	26.3568828	0.0378458022	1.74688506	0	100	0	0	3
352	1278	0	2.49430512	26.3440832	26.3165138	26.2897183	26.3568828	0.038187836	1.74688506	0	100	0	0	3
353	1283	0	2.50139121	26.3239666	26.3166696	26.2897183	26.3568828	0.0383436598	1.74688506	0	100	0	0	3
354	1288	0	2.50847731	26.3528783	26.3175402	26.2897183	26.3568828	0.0383773119	1.74688506	0	100	0	0	3
355	1293	0	2.5155634	26.3314273	26.3175902	26.2897183	26.3568828	0.0384273408	1.74688506	0	100	0	0	3
356	1297	0	2.52264949	26.358106	26.3183463	26.2897183	26.358106	0.0384579702	1.74688506	0	100	0	0	3
357	1302	0	2.52973559	26.3304521	26.3183038	26.2897183	26.358106	0.0384579702	1.74688506	0	100	0	0	3
358	1307	0	2.53682168	26.3557509	26.3190148	26.2897183	26.358106	0.0385953852	1.74688506	0	100	0	0	3
359	1312	0	2.54390778	26.336226	26.3190685	26.2897183	26.358106	0.038649069	1.74688506	0	100	0	0	3
360	1316	0	2.55099387	26.3581894	26.3197844	26.2897183	26.3581894	0.0386074559	1.74688506	0	100	0	0	3
361	1321	0	2.55807996	26.332523	26.3196708	26.2897183	26.3581894	0.0385966554	1.74688506	0	100	0	0	3
362	1326	0	2.56516606	26.3498003	26.3201622	26.2897183	26.3581894	0.0380984296	1.74688506	0	100	0	0	3
363	1331	0	2.57225215	26.3190985	26.3198193	26.2897183	26.3581894	0.0380449428	1.74688506	0	100	0	0	3
364	1337	0	2.57933825	26.341145	26.3202793	26.2897183	26.3581894	0.0374197048	1.74688506	0	100	0	0	3
365	1341	0	2.58642434	26.3147223	26.3201408	26.2897183	26.3581894	0.0374197048	1.74688506	0	100	0	0	3
366	1346	0	2.59351043	26.3413267	26.3207806	26.2897183	26.3581894	0.0370635034	1.74688506	0	100	0	0	3
367	1351	0	2.60059653	26.316309	26.3206876	26.2897183	26.3581894	0.0368064502	1.74688506	0	100	0	0	3
368	1356	0	2.60768262	26.3409345	26.3212087	26.2897183	26.3581894	0.0360463167	1.74688506	0	100	0	0	3
369	1361	0	2.61476872	26.3126956	26.32087	26.2897183	26.3581894	0.0355461962	1.74688506	0	100	0	0	3
370	1365	0	2.62185481	26.3351751	26.3211978	26.2897183	26.3581894	0.0342223981	1.74688506	0	100	0	0	3
371	1370	0	2.6289409	26.3170882	26.320816	26.2897183	26.3581894	0.0337039878	1.74688506	0	100	0	0	3
372	1375	0	2.636027	26.3443984	26.3212847	26.2897183	26.3581894	0.0325947174	1.74688506	0	100	0	0	3
373	1380	0	2.64311309	26.3287195	26.3211759	26.2897183	26.3581894	0.0321154964	1.74688506	0	100	0	0	3
374	1386	0	2.65019919	26.3552248	26.3217598	26.2897183	26.3581894	0.0312853042	1.74688506	0	100	0	0	3
375	1390	0	2.65728528	26.3278473	26.3214776	26.2897183	26.3581894	0.0306122089	1.74688506	0	100	0	0	3
376	1395	0	2.66437138	26.3478423	26.3217571	26.2897183	26.3581894	0.0291104708	1.74688506	0	100	0	0	3
377	1400	0	2.67145747	26.3215675	26.3212597	26.2897183	26.3581894	0.0284655149	1.74688506	0	100	0	0	3
378	1405	0	2.67854356	26.3456828	26.3215246	26.2897183	26.3581894	0.0271678076	1.74688506	0	100	0	0	3
379	1411	0	2.68562966	26.326378	26.3212648	26.2897183	26.3581894	0.0267219515	1.74688506	0	100	0	0	3
380	1415	0	2.69271575	26.3549451	26.3218859	26.2897183	26.3581894	0.0257883607	1.74688506	0	100	0	0	3
381	1420	0	2.69980185	26.336401	26.32193	26.2897183	26.3581894	0.0254386913	1.74688506	0	100	0	0	3
382	1425	0	2.70688794	26.3597589	26.322638	26.2897183	26.3597589	0.0250149827	1.74688506	0	100	0	0	3
383	1429	0	2.71397403	26.338734	26.3226205	26.2897183	26.3597589	0.024450974	1.74688506	0	100	0	0	3
384	1434	0	2.72106013	26.3557906	26.3231245	26.2897183	26.3597589	0.0237047922	1.74688506	0	100	0	0	3
385	1439	0	2.72814622	26.3330812	26.3230602	26.2897183	26.3597589	0.0230245914	1.74688506	0	100	0	0	3
386	1443	0	2.73523232	26.352488	26.3235901	26.2897183	26.3597589	0.0222984523	1.74688506	0	100	0	0	3
387	1448	0	2.74231841	26.3250816	26.3235341	26.2897183	26.3597589	0.0217560169	1.74688506	0	100	0	0	3
388	1453	0	2.7494045	26.3467549	26.3240839	26.2897183	26.3597589	0.0212640047	1.74688506	0	100	0	0	3
389	1458	0	2.7564906	26.3217092	26.3240664	26.2897183	26.3597589	0.020767004	1.74688506	0	100	0	0	3
390	1463	0	2.76357669	26.3450055	26.3246083	26.2897183	26.3597589	0.0202343059	1.74688506	0	100	0	0	3
391	1468	0	2.77066279	26.3211442	26.3245046	26.2897183	26.3597589	0.0196773896	1.74688506	0	100	0	0	3
392	1473	0	2.77774888	26.338492	26.3249386	26.2897183	26.3597589	0.0189515517	1.74688506	0	100	0	0	3
393	1479	0	2.78483497	26.316269	26.3248321	26.2897183	26.3597589	0.0184781409	1.74688506	0	100	0	0	3
394	1484	0	2.79192107	26.3363107	26.3253702	26.2897183	26.3597589	0.0180041709	1.74688506	0	100	0	0	3
395	1489	0	2.79900716	26.318057	26.3254152	26.2897183	26.3597589	0.0177751889	1.74688506	0	100	0	0	3
396	1493	0	2.80609326	26.3400201	26.3261107	26.2897183	26.3597589	0.0177356897	1.74688506	0	100	0	0	3
397	1498	0	2.81317935	26.3142249	26.3261808	26.2897183	26.3597589	0.0175385651	1.74688506	0	100	0	0	3
398	1503	0	2.82026545	26.3337519	26.3267536	26.2897183	26.3597589	0.0173208586	1.74688506	0	100	0	0	3
399	1508	0	2.82735154	26.3141905	26.3267629	26.2897183	26.3597589	0.0169936	1.74688506	0	100	0	0	3
400	1513	0	2.83443763	26.3326527	26.3272624	26.2897183	26.3597589	0.0167816735	1.74688506	0	100	0	0	3
401	1525	0	2.84152373	26.3064962	26.3271495	26.2897183	26.3597589	0.0165825141	1.74688506	0	100	0	0	3
402	1530	0	2.84860982	26.3252573	26.3275358	26.2897183	26.3597589	0.0163516117	1.74688506	0	100	0	0	3
403	1535	0	2.85569592	26.300239	26.3273475	26.2897183	26.3597589	0.0163516117	1.74688506	0	100	0	0	3
404	1540	0	2.86278201	26.3238889	26.3278114	26.2897183	26.3597589	0.0160249477	1.74688506	0	100	0	0	3
405	1545	0	2.8698681	26.2914366	26.3274118	26.2897183	26.3597589	0.0160249477	1.74688506	0	100	0	0	3
406	1550	0	2.8769542	26.3147897	26.3276689	26.2897183	26.3597589	0.0153640513	1.74688506	0	100	0	0	3
407	1555	0	2.88404029	26.2801485	26.3270976	26.2801485	26.3597589	0.0153640513	1.74688506	0	100	0	0	3
408	1560	0	2.89112639	26.3018441	26.3271917	26.2801485	26.3597589	0.014760402	1.74688506	0	100	0	0	3
409	1564	0	2.89821248	26.2710567	26.3264691	26.2710567	26.3597589	0.014760402	1.74688506	0	100	0	0	3
410	1569	0	2.90529857	26.2969849	26.3264371	26.2710567	26.3597589	0.0143606548	1.74688506	0	100	0	0	3
411	1574	0	2.91238467	26.2708151	26.3256851	26.2708151	26.3597589	0.0143606548	1.74688506	0	100	0	0	3
412	1579	0	2.91947076	26.295657	26.325707	26.2708151	26.3597589	0.0141089153	1.74688506	0	100	0	0	3
413	1584	0	2.92655686	26.2680716	26.3249957	26.2680716	26.3597589	0.0141089153	1.74688506	0	100	0	0	3
414	1589	0	2.93364295	26.2920237	26.325027	26.2680716	26.3597589	0.013719315	1.74688506	0	100	0	0	3
415	1593	0	2.94072904	26.2675536	26.324352	26.2675536	26.3597589	0.013719315	1.74688506	0	100	0	0	3
416	1598	0	2.94781514	26.2976443	26.3244636	26.2675536	26.3597589	0.0133604494	1.74688506	0	100	0	0	3
417	1602	0	2.95490123	26.2728096	26.3238265	26.2675536	26.3597589	0.0133604494	1.74688506	0	100	0	0	3
418	1607	0	2.96198733	26.3026396	26.3239113	26.2675536	26.3597589	0.0129111908	1.74688506	0	100	0	0	3
419	1612	0	2.96907342	26.2770399	26.3231964	26.2675536	26.3597589	0.0129111908	1.74688506	0	100	0	0	3
420	1617	0	2.97615951	26.2969564	26.3231232	26.2675536	26.3597589	0.0122435043	1.74688506	0	100	0	0	3
421	1622	0	2.98324561	26.2706052	26.3222628	26.2675536	26.3597589	0.0121811496	1.74688506	0	100	0	0	3
422	1627	0	2.9903317	26.2984344	26.3220678	26.2675536	26.3597589	0.011297639	1.74688506	0	100	0	0	3
423	1631	0	2.9974178	26.27565	26.321104	26.2675536	26.3597589	0.0111418152	1.74688506	0	100	0	0	3
424	1636	0	3.00450389	26.3080576	26.3208799	26.2675536	26.3597589	0.0102711864	1.74688506	0	100	0	0	3
425	1641	0	3.01158999	26.2776434	26.3198202	26.2675536	26.3597589	0.0102211576	1.74688506	0	100	0	0	3
426	1647	0	3.01867608	26.2999065	26.3193763	26.2675536	26.3597589	0.00950762436	1.74688506	0	100	0	0	3
427	1652	0	3.02576217	26.2695712	26.3181293	26.2675536	26.3597589	0.00968207394	1.74688506	0	100	0	0	3
428	1657	0	3.03284827	26.2999218	26.3176993	26.2675536	26.3597589	0.0101120781	1.74688506	0	100	0	0	3
429	1662	0	3.03993436	26.2752272	26.3165652	26.2675536	26.3597589	0.0112462152	1.74688506	0	100	0	0	3
430	1667	0	3.04702046	26.3070366	26.3161541	26.2675536	26.3597589	0.0116573337	1.74688506	0	100	0	0	3
431	1671	0	3.05410655	26.279695	26.3150485	26.2675536	26.3597589	0.0127628887	1.74688506	0	100	0	0	3
432	1677	0	3.06119264	26.3089413	26.3147164	26.2675536	26.3597589	0.0130950256	1.74688506	0	100	0	0	3
433	1682	0	3.06827874	26.2770972	26.3136924	26.2675536	26.3597589	0.0141190136	1.74688506	0	100	0	0	3
434	1687	0	3.07536483	26.3018046	26.3134488	26.2675536	26.3597589	0.0143625902	1.74688506	0	100	0	0	3
435	1692	0	3.08245093	26.2768889	26.3125438	26.2675536	26.3597589	0.0152676053	1.74688506	0	100	0	0	3
436	1696	0	3.08953702	26.3107313	26.3124876	26.2675536	26.3597589	0.0153238172	1.74688506	0	100	0	0	3
437	1701	0	3.09662311	26.2933845	26.3118123	26.2675536	26.3597589	0.0159990595	1.74688506	0	100	0	0	3
438	1707	0	3.10370921	26.3239962	26.3119206	26.2675536	26.3597589	0.0159990595	1.74688506	0	100	0	0	3
439	1712	0	3.1107953	26.2979145	26.3113147	26.2675536	26.3597589	0.0164967062	1.74688506	0	100	0	0	3
440	1716	0	3.1178814	26.3271358	26.3115181	26.2675536	26.3597589	0.0164967062	1.74688506	0	100	0	0	3
441	1721	0	3.12496749	26.302672	26.3110603	26.2675536	26.3597589	0.0167511145	1.74688506	0	100	0	0	3
442	1726	0	3.13205358	26.3329042	26.311283	26.2675536	26.3597589	0.0167511145	1.74688506	0	100	0	0	3
443	1730	0	3.13913968	26.3138621	26.3108529	26.2675536	26.3597589	0.0169584424	1.74688506	0	100	0	0	3
444	1736	0	3.14622577	26.3497616	26.3111493	26.2675536	26.3597589	0.0169584424	1.74688506	0	100	0	0	3
445	1741	0	3.15331187	26.3228783	26.3106937	26.2675536	26.3597589	0.017117659	1.74688506	0	100	0	0	3
446	1745	0	3.16039796	26.3473904	26.310969	26.2675536	26.3597589	0.017117659	1.74688506	0	100	0	0	3
447	1751	0	3.16748406	26.3123456	26.310469	26.2675536	26.3597589	0.0173423581	1.74688506	0	100	0	0	3
448	1756	0	3.17457015	26.3353044	26.3106625	26.2675536	26.3597589	0.0173423581	1.74688506	0	100	0	0	3
449	1761	0	3.18165624	26.3099882	26.3101598	26.2675536	26.3597589	0.0176516231	1.74688506	0	100	0	0	3
450	1766	0	3.18874234	26.3434423	26.3104001	26.2675536	26.3597589	0.0176516231	1.74688506	0	100	0	0	3
451	1770	0	3.19582843	26.3205857	26.3099162	26.2675536	26.3597589	0.017895216	1.74688506	0	100	0	0	3
452	1775	0	3.20291453	26.353661	26.3101593	26.2675536	26.3597589	0.017895216	1.74688506	0	100	0	0	3
453	1779	0	3.21000062	26.3232945	26.3096457	26.2675536	26.3557906	0.0181656995	1.74688506	0	100	0	0	3
454	1784	0	3.21708671	26.3433271	26.3097104	26.2675536	26.3557906	0.0181656995	1.74688506	0	100	0	0	3
455	1788	0	3.22417281	26.3131729	26.3091101	26.2675536	26.353661	0.018701256	1.74688506	0	100	0	0	3
456	1794	0	3.2312589	26.3407614	26.3092183	26.2675536	26.353661	0.018701256	1.74688506	0	100	0	0	3
457	1798	0	3.238345	26.3191225	26.3087484	26.2675536	26.353661	0.0190630223	1.74688506	0	100	0	0	3
458	1804	0	3.24543109	26.3560557	26.3091846	26.2675536	26.3560557	0.0190630223	1.74688506	0	100	0	0	3
459	1809	0	3.25251718	26.3342245	26.3090081	26.2675536	26.3560557	0.0190630223	1.74688506	0	100	0	0	3
460	1814	0	3.25960328	26.3631972	26.3095925	26.2675536	26.3631972	0.0190630223	1.74688506	0	100	0	0	3
461	1818	0	3.26668937	26.3379553	26.3094932	26.2675536	26.3631972	0.0190630223	1.74688506	0	100	0	0	3
462	1823	0	3.27377547	26.3653064	26.3101152	26.2675536	26.3653064	0.0190630223	1.74688506	0	100	0	0	3
463	1827	0	3.28086156	26.3381562	26.3101105	26.2675536	26.3653064	0.0190630223	1.74688506	0	100	0	0	3
464	1833	0	3.28794765	26.3718152	26.3108928	26.2675536	26.3718152	0.0190630223	1.74688506	0	100	0	0	3
465	1837	0	3.29503375	26.3491372	26.3110734	26.2675536	26.3718152	0.0190630223	1.74688506	0	100	0	0	3
466	1842	0	3.30211984	26.3822288	26.3119773	26.2675536	26.3822288	0.0190630223	1.74688506	0	100	0	0	3
467	1848	0	3.30920594	26.3564966	26.3122093	26.2675536	26.3822288	0.0190630223	1.74688506	0	100	0	0	3
468	1853	0	3.31629203	26.3868557	26.3132323	26.2675536	26.3868557	0.0190630223	1.74688506	0	100	0	0	3
469	1858	0	3.32337812	26.3618487	26.313628	26.2675536	26.3868557	0.0190630223	1.74688506	0	100	0	0	3
470	1862	0	3.33046422	26.3889114	26.3146804	26.2675536	26.3889114	0.0190630223	1.74688506	0	100	0	0	3
471	1868	0	3.33755031	26.3625443	26.3151015	26.2675536	26.3889114	0.0190630223	1.74688506	0	100	0	0	3
472	1873	0	3.34463641	26.3845715	26.3162011	26.2675536	26.3889114	0.0190630223	1.74688506	0	100	0	0	3
473	1878	0	3.3517225	26.357329	26.3166528	26.2675536	26.3889114	0.0190630223	1.74688506	0	100	0	0	3
474	1883	0	3.3588086	26.3789498	26.3177614	26.2675536	26.3889114	0.0190630223	1.74688506	0	100	0	0	3
475	1888	0	3.36589469	26.3455993	26.3180672	26.2675536	26.3889114	0.0189204874	1.74688506	0	100	0	0	3
476	1892	0	3.37298078	26.3644904	26.3190961	26.2675536	26.3889114	0.0189204874	1.74688506	0	100	0	0	3
477	1897	0	3.38006688	26.330836	26.3193221	26.2675536	26.3889114	0.018443283	1.74688506	0	100	0	0	3
478	1902	0	3.38715297	26.3515599	26.3203279	26.2675536	26.3889114	0.018443283	1.74688506	0	100	0	0	3
479	1907	0	3.39423907	26.313198	26.3204878	26.2675536	26.3889114	0.0177207657	1.74688506	0	100	0	0	3
480	1912	0	3.40132516	26.3436079	26.3215097	26.2675536	26.3889114	0.017688723	1.74688506	0	100	0	0	3
481	1917	0	3.40841125	26.3132631	26.321739	26.2675536	26.3889114	0.0169586399	1.74688506	0	100	0	0	3
482	1921	0	3.41549735	26.344583	26.3227779	26.2675536	26.3889114	0.0169586399	1.74688506	0	100	0	0	3
483	1926	0	3.42258344	26.3118422	26.3230059	26.2675536	26.3889114	0.0162785943	1.74688506	0	100	0	0	3
484	1930	0	3.42966954	26.3390478	26.3240056	26.2675536	26.3889114	0.0162785943	1.74688506	0	100	0	0	3
485	1935	0	3.43675563	26.3030869	26.3241614	26.2675536	26.3889114	0.0157152243	1.74688506	0	100	0	0	3
486	1940	0	3.44384172	26.3322008	26.3250719	26.2695712	26.3889114	0.0163235387	1.74688506	0	100	0	0	3
487	1945	0	3.45092782	26.3003077	26.3251094	26.2695712	26.3889114	0.0163610513	1.74688506	0	100	0	0	3
488	1950	0	3.45801391	26.3360522	26.3260002	26.2695712	26.3889114	0.0172517925	1.74688506	0	100	0	0	3
489	1955	0	3.46510001	26.3103696	26.326109	26.2695712	26.3889114	0.0173606652	1.74688506	0	100	0	0	3
490	1959	0	3.4721861	26.3382762	26.3269715	26.2695712	26.3889114	0.0182231489	1.74688506	0	100	0	0	3
491	1965	0	3.47927219	26.302873	26.3270548	26.2695712	26.3889114	0.018306481	1.74688506	0	100	0	0	3
492	1969	0	3.48635829	26.326832	26.3278468	26.2695712	26.3889114	0.0190984067	1.74688506	0	100	0	0	3
493	1974	0	3.49344438	26.2970799	26.3278277	26.2695712	26.3889114	0.0190984067	1.74688506	0	100	0	0	3
494	1978	0	3.50053048	26.322545	26.3284882	26.2695712	26.3889114	0.0197398218	1.74688506	0	100	0	0	3
495	1984	0	3.50761657	26.2987225	26.3283567	26.2695712	26.3889114	0.0197398218	1.74688506	0	100	0	0	3
496	1989	0	3.51470267	26.3227236	26.3289916	26.2695712	26.3889114	0.0202432734	1.74688506	0	100	0	0	3
497	1994	0	3.52178876	26.2957835	26.3289336	26.2695712	26.3889114	0.0202432734	1.74688506	0	100	0	0	3
498	1999	0	3.52887485	26.318732	26.329626	26.2752272	26.3889114	0.0208776087	1.74688506	0	100	0	0	3
499	2005	0	3.53596095	26.292412	26.3295202	26.2752272	26.3889114	0.0208776087	1.74688506	0	100	0	0	3
500	2010	0	3.54304704	26.3170832	26.3301097	26.2768889	26.3889114	0.0213613595	1.74688506	0	100	0	0	3
501	2022	0	3.55013314	26.2956776	26.3299497	26.2768889	26.3889114	0.0213613595	1.74688506	0	100	0	0	3
502	2027	0	3.55721923	26.3177049	26.3304851	26.2768889	26.3889114	0.0217367237	1.74688506	0	100	0	0	3
503	2032	0	3.56430532	26.2962175	26.3303059	26.2768889	26.3889114	0.0217367237	1.74688506	0	100	0	0	3
504	2037	0	3.57139142	26.3167587	26.3308645	26.2768889	26.3889114	0.0221161286	1.74688506	0	100	0	0	3
505	2042	0	3.57847751	26.2952219	26.3307718	26.2768889	26.3889114	0.0221161286	1.74688506	0	100	0	0	3
506	2046	0	3.58556361	26.3168728	26.3313349	26.292412	26.3889114	0.0225865676	1.74688506	0	100	0	0	3
507	2052	0	3.5926497	26.2999439	26.331183	26.292412	26.3889114	0.0225865676	1.74688506	0	100	0	0	3
508	2057	0	3.59973579	26.3248002	26.3316255	26.292412	26.3889114	0.0228771079	1.74688506	0	100	0	0	3
509	2062	0	3.60682189	26.309465	26.3314208	26.292412	26.3889114	0.0228771079	1.74688506	0	100	0	0	3
510	2067	0	3.61390798	26.3314986	26.3318938	26.292412	26.3889114	0.0231454587	1.74688506	0	100	0	0	3
511	2072	0	3.62099408	26.3219064	26.3318202	26.292412	26.3889114	0.0231454587	1.74688506	0	100	0	0	3
512	2078	0	3.62808017	26.3509127	26.3324996	26.292412	26.3889114	0.0237512517	1.74688506	0	100	0	0	3
513	2083	0	3.63516626	26.3367957	26.3325544	26.292412	26.3889114	0.0238060624	1.74688506	0	100	0	0	3
514	2088	0	3.64225236	26.3598369	26.333202	26.292412	26.3889114	0.0244535955	1.74688506	0	100	0	0	3
515	2093	0	3.64933845	26.3432339	26.33311	26.292412	26.3889114	0.0244535955	1.74688506	0	100	0	0	3
516	2098	0	3.65642455	26.3654509	26.3337096	26.292412	26.3889114	0.02496127	1.74688506	0	100	0	0	3
517	2103	0	3.66351064	26.3435134	26.333655	26.292412	26.3889114	0.02496127	1.74688506	0	100	0	0	3
518	2108	0	3.67059673	26.3580848	26.3342992	26.292412	26.3889114	0.0255508788	1.74688506	0	100	0	0	3
519	2113	0	3.67768283	26.335671	26.3343044	26.292412	26.3889114	0.0255560434	1.74688506	0	100	0	0	3
520	2117	0	3.68476892	26.3548042	26.3349356	26.292412	26.3889114	0.0261872548	1.74688506	0	100	0	0	3
521	2123	0	3.69185502	26.3277196	26.3347142	26.292412	26.3889114	0.0261872548	1.74688506	0	100	0	0	3
522	2128	0	3.69894111	26.3521641	26.3351589	26.292412	26.3889114	0.026410575	1.74688506	0	100	0	0	3
523	2133	0	3.70602721	26.3261685	26.3347717	26.292412	26.3889114	0.026410575	1.74688506	0	100	0	0	3
524	2138	0	3.7131133	26.3497907	26.3351449	26.292412	26.3889114	0.026410575	1.74688506	0	100	0	0	3
525	2143	0	3.72019939	26.325218	26.3348899	26.292412	26.3889114	0.026410575	1.74688506	0	100	0	0	3
526	2147	0	3.72728549	26.3443045	26.3353283	26.292412	26.3889114	0.0265799571	1.74688506	0	100	0	0	3
527	2152	0	3.73437158	26.3145991	26.3349598	26.292412	26.3889114	0.0265799571	1.74688506	0	100	0	0	3
528	2156	0	3.74145768	26.3309936	26.335127	26.292412	26.3889114	0.0263201856	1.74688506	0	100	0	0	3
529	2161	0	3.74854377	26.3085176	26.3344575	26.292412	26.3889114	0.0263201856	1.74688506	0	100	0	0	3
530	2166	0	3.75562986	26.3304425	26.3344042	26.292412	26.3889114	0.0258351465	1.74688506	0	100	0	0	3
531	2171	0	3.76271596	26.3074588	26.3336192	26.292412	26.3889114	0.0258351465	1.74688506	0	100	0	0	3
532	2176	0	3.76980205	26.3345457	26.3335712	26.292412	26.3889114	0.0252178737	1.74688506	0	100	0	0	3
533	2181	0	3.77688815	26.3095456	26.3327858	26.292412	26.3889114	0.0252178737	1.74688506	0	100	0	0	3
534	2186	0	3.78397424	26.3331637	26.3327155	26.292412	26.3889114	0.0244355338	1.74688506	0	100	0	0	3
535	2191	0	3.79106033	26.3065578	26.3317964	26.292412	26.3889114	0.0242548796	1.74688506	0	100	0	0	3
536	2196	0	3.79814643	26.3294652	26.3315193	26.292412	26.3889114	0.0233510516	1.74688506	0	100	0	0	3
537	2201	0	3.80523252	26.3115332	26.3305236	26.292412	26.3889114	0.0231189884	1.74688506	0	100	0	0	3
538	2206	0	3.81231862	26.3343579	26.3302118	26.292412	26.3889114	0.022096019	1.74688506	0	100	0	0	3
539	2211	0	3.81940471	26.3177375	26.3292383	26.292412	26.3889114	0.0217002903	1.74688506	0	100	0	0	3
540	2216	0	3.8264908	26.3349419	26.3288593	26.292412	26.3889114	0.0206478833	1.74688506	0	100	0	0	3
541	2221	0	3.8335769	26.313974	26.3278038	26.292412	26.3845715	0.0202268749	1.74688506	0	100	0	0	3
542	2225	0	3.84066299	26.3327485	26.3273842	26.292412	26.3845715	0.0191272233	1.74688506	0	100	0	0	3
543	2230	0	3.84774909	26.3109861	26.3263478	26.292412	26.3789498	0.0186755097	1.74688506	0	100	0	0	3
544	2236	0	3.85483518	26.3311759	26.3259794	26.292412	26.3789498	0.0175669078	1.74688506	0	100	0	0	3
545	2241	0	3.86192128	26.3027083	26.3249056	26.292412	26.3654509	0.0172611281	1.74688506	0	100	0	0	3
546	2246	0	3.86900737	26.3255328	26.324623	26.292412	26.3654509	0.0162322018	1.74688506	0	100	0	0	3
547	2251	0	3.87609346	26.2940684	26.3236311	26.292412	26.3654509	0.0160061974	1.74688506	0	100	0	0	3
548	2256	0	3.88317956	26.3174659	26.3234428	26.292412	26.3654509	0.0150004029	1.74688506	0	100	0	0	3
549	2260	0	3.89026565	26.2856184	26.322514	26.2856184	26.3654509	0.014840489	1.74688506	0	100	0	0	3
550	2265	0	3.89735175	26.3103371	26.3224737	26.2856184	26.3654509	0.0138186418	1.74688506	0	100	0	0	3
551	2270	0	3.90443784	26.2849244	26.3216472	26.2849244	26.3654509	0.0136811097	1.74688506	0	100	0	0	3
552	2275	0	3.91152393	26.310023	26.3216016	26.2849244	26.3654509	0.0137267445	1.74688506	0	100	0	0	3
553	2280	0	3.91861003	26.2835699	26.3207422	26.2835699	26.3654509	0.0145860839	1.74688506	0	100	0	0	3
554	2285	0	3.92569612	26.3085013	26.3206952	26.2835699	26.3654509	0.0146331388	1.74688506	0	100	0	0	3
555	2289	0	3.93278222	26.2869008	26.3199607	26.2835699	26.3654509	0.0153676038	1.74688506	0	100	0	0	3
556	2295	0	3.93986831	26.3123652	26.3200914	26.2835699	26.3654509	0.0153676038	1.74688506	0	100	0	0	3
557	2299	0	3.9469544	26.2916073	26.3195197	26.2835699	26.3654509	0.015808662	1.74688506	0	100	0	0	3
558	2304	0	3.9540405	26.3184362	26.319775	26.2835699	26.3654509	0.015808662	1.74688506	0	100	0	0	3
559	2309	0	3.96112659	26.302039	26.3192959	26.2835699	26.3654509	0.0160323898	1.74688506	0	100	0	0	3
560	2314	0	3.96821269	26.330009	26.3195725	26.2835699	26.3654509	0.0160323898	1.74688506	0	100	0	0	3
561	2319	0	3.97529878	26.3067747	26.3191289	26.2835699	26.3654509	0.0161994615	1.74688506	0	100	0	0	3
562	2324	0	3.98238487	26.3275325	26.3194762	26.2835699	26.3654509	0.0161994615	1.74688506	0	100	0	0	3
563	2328	0	3.98947097	26.3019212	26.3191253	26.2835699	26.3654509	0.0162030004	1.74688506	0	100	0	0	3
564	2333	0	3.99655706	26.3260187	26.3195329	26.2835699	26.3654509	0.0162030004	1.74688506	0	100	0	0	3
565	2337	0	4.00364316	26.2994937	26.3192082	26.2835699	26.3654509	0.0162030004	1.74688506	0	100	0	0	3
566	2342	0	4.01072925	26.3273167	26.319611	26.2835699	26.3654509	0.0162030004	1.74688506	0	100	0	0	3
567	2347	0	4.01781535	26.3002303	26.3192942	26.2835699	26.3654509	0.0162030004	1.74688506	0	100	0	0	3
568	2352	0	4.02490144	26.3235871	26.3196858	26.2835699	26.3654509	0.0162030004	1.74688506	0	100	0	0	3
569	2357	0	4.03198753	26.289127	26.3192688	26.2835699	26.3654509	0.0162030004	1.74688506	0	100	0	0	3
570	2361	0	4.03907363	26.3102681	26.3195203	26.2835699	26.3654509	0.0162030004	1.74688506	0	100	0	0	3
571	2366	0	4.04615972	26.2780737	26.3189709	26.2780737	26.3654509	0.0163574574	1.74688506	0	100	0	0	3
572	2371	0	4.05324582	26.3082605	26.3191481	26.2780737	26.3654509	0.0163574574	1.74688506	0	100	0	0	3
573	2376	0	4.06033191	26.2825697	26.3186532	26.2780737	26.3654509	0.0166750946	1.74688506	0	100	0	0	3
574	2381	0	4.067418	26.3134912	26.3188965	26.2780737	26.3654509	0.0166750946	1.74688506	0	100	0	0	3
575	2386	0	4.0745041	26.28917	26.3185079	26.2780737	26.3654509	0.0168203759	1.74688506	0	100	0	0	3
576	2390	0	4.08159019	26.3130669	26.3187593	26.2780737	26.3654509	0.0168203759	1.74688506	0	100	0	0	3
577	2395	0	4.08867629	26.2830318	26.3182827	26.2780737	26.3654509	0.0170456702	1.74688506	0	100	0	0	3
578	2400	0	4.09576238	26.3082661	26.3183999	26.2780737	26.3654509	0.0170456702	1.74688506	0	100	0	0	3
579	2404	0	4.10284847	26.2823895	26.3178025	26.2780737	26.3654509	0.0175257905	1.74688506	0	100	0	0	3
580	2409	0	4.10993457	26.3068345	26.3177655	26.2780737	26.3654509	0.0175628396	1.74688506	0	100	0	0	3
581	2415	0	4.11702066	26.2864709	26.3171313	26.2780737	26.3654509	0.0181970318	1.74688506	0	100	0	0	3
582	2420	0	4.12410676	26.3162342	26.3170514	26.2780737	26.3654509	0.0182769218	1.74688506	0	100	0	0	3
583	2425	0	4.13119285	26.2905018	26.3162005	26.2780737	26.3654509	0.0191277783	1.74688506	0	100	0	0	3
584	2430	0	4.13827894	26.3211759	26.3159805	26.2780737	26.3654509	0.0193477761	1.74688506	0	100	0	0	3
585	2436	0	4.14536504	26.2905869	26.3150052	26.2780737	26.3654509	0.0203231282	1.74688506	0	100	0	0	3
586	2441	0	4.15245113	26.323226	26.3147234	26.2780737	26.3654509	0.020604929	1.74688506	0	100	0	0	3
587	2446	0	4.15953723	26.2933775	26.3137083	26.2780737	26.3580848	0.0216200475	1.74688506	0	100	0	0	3
588	2451	0	4.16662332	26.3287157	26.3134999	26.2780737	26.3580848	0.0218284652	1.74688506	0	100	0	0	3
589	2457	0	4.17370941	26.2980485	26.3126543	26.2780737	26.3548042	0.0226740469	1.74688506	0	100	0	0	3
590	2462	0	4.18079551	26.3292802	26.3125643	26.2780737	26.3548042	0.0227640582	1.74688506	0	100	0	0	3
591	2467	0	4.1878816	26.2980447	26.3117648	26.2780737	26.3521641	0.0235634868	1.74688506	0	100	0	0	3
592	2471	0	4.1949677	26.336368	26.3118866	26.2780737	26.3521641	0.0235634868	1.74688506	0	100	0	0	3
593	2476	0	4.20205379	26.3145932	26.3113575	26.2780737	26.3497907	0.0239708467	1.74688506	0	100	0	0	3
594	2481	0	4.20913989	26.3553895	26.311769	26.2780737	26.3553895	0.0239708467	1.74688506	0	100	0	0	3
595	2486	0	4.21622598	26.3294389	26.3114824	26.2780737	26.3553895	0.0239708467	1.74688506	0	100	0	0	3
596	2492	0	4.22331207	26.3597792	26.3119692	26.2780737	26.3597792	0.0239708467	1.74688506	0	100	0	0	3
597	2497	0	4.23039817	26.3287129	26.3117496	26.2780737	26.3597792	0.0237695628	1.74688506	0	100	0	0	3
598	2501	0	4.23748426	26.3571344	26.3123487	26.2780737	26.3597792	0.0237695628	1.74688506	0	100	0	0	3
599	2506	0	4.24457036	26.3239835	26.3122499	26.2780737	26.3597792	0.0231000115	1.74688506	0	100	0	0	3
600	2511	0	4.25165645	26.3576848	26.3129424	26.2780737	26.3597792	0.0230467442	1.74688506	0	100	0	0	3
601	2523	0	4.25874254	26.3341313	26.3129944	26.2780737	26.3597792	0.022261697	1.74688506	0	100	0	0	3
602	2528	0	4.26582864	26.3617009	26.3137584	26.2780737	26.3617009	0.0222136734	1.74688506	0	100	0	0	3
603	2534	0	4.27291473	26.3339487	26.3137499	26.2780737	26.3617009	0.0214283104	1.74688506	0	100	0	0	3
604	2539	0	4.28000083	26.3578951	26.3144309	26.2780737	26.3617009	0.0213579939	1.74688506	0	100	0	0	3
605	2544	0	4.28708692	26.324972	26.3143155	26.2780737	26.3617009	0.0204388756	1.74688506	0	100	0	0	3
606	2549	0	4.29417301	26.3461271	26.3148729	26.2780737	26.3617009	0.0201618045	1.74688506	0	100	0	0	3
607	2554	0	4.30125911	26.3194301	26.3147315	26.2780737	26.3617009	0.0191660909	1.74688506	0	100	0	0	3
608	2559	0	4.3083452	26.3436293	26.3151836	26.2780737	26.3617009	0.0188542793	1.74688506	0	100	0	0	3
609	2564	0	4.3154313	26.3174032	26.3149448	26.2780737	26.3617009	0.0178807839	1.74688506	0	100	0	0	3
610	2570	0	4.32251739	26.3425228	26.3152939	26.2780737	26.3617009	0.0175018161	1.74688506	0	100	0	0	3
611	2575	0	4.32960348	26.310052	26.3149433	26.2780737	26.3617009	0.0164463598	1.74688506	0	100	0	0	3
612	2580	0	4.33668958	26.3397436	26.3153063	26.2780737	26.3617009	0.016026701	1.74688506	0	100	0	0	3
613	2585	0	4.34377567	26.3093804	26.3149771	26.2780737	26.3617009	0.0149902866	1.74688506	0	100	0	0	3
614	2590	0	4.35086177	26.3360718	26.3153305	26.2780737	26.3617009	0.0146219332	1.74688506	0	100	0	0	3
615	2595	0	4.35794786	26.3085563	26.3150119	26.2780737	26.3617009	0.0135481102	1.74688506	0	100	0	0	3
616	2600	0	4.36503396	26.3388381	26.3155207	26.2780737	26.3617009	0.013265484	1.74688506	0	100	0	0	3
617	2605	0	4.37212005	26.3090173	26.3152881	26.2780737	26.3617009	0.0122736251	1.74688506	0	100	0	0	3
618	2609	0	4.37920614	26.3389848	26.3159208	26.2780737	26.3617009	0.0120853133	1.74688506	0	100	0	0	3
619	2614	0	4.38629224	26.3097111	26.3158115	26.2780737	26.3617009	0.0111565594	1.74688506	0	100	0	0	3
620	2619	0	4.39337833	26.3375871	26.3165435	26.2780737	26.3617009	0.0111162653	1.74688506	0	100	0	0	3
621	2624	0	4.40046443	26.3076342	26.3165054	26.2780737	26.3617009	0.010289737	1.74688506	0	100	0	0	3
622	2628	0	4.40755052	26.332676	26.317178	26.2780737	26.3617009	0.0102441022	1.74688506	0	100	0	0	3
623	2633	0	4.41463661	26.3078039	26.3171467	26.2780737	26.3617009	0.00938476276	1.74688506	0	100	0	0	3
624	2637	0	4.42172271	26.3393045	26.3179317	26.2780737	26.3617009	0.00933770787	1.74688506	0	100	0	0	3
625	2642	0	4.4288088	26.3140236	26.3180095	26.2780737	26.3617009	0.00873392347	1.74688506	0	100	0	0	3
626	2648	0	4.4358949	26.3440876	26.3188149	26.2780737	26.3617009	0.00873392347	1.74688506	0	100	0	0	3
627	2653	0	4.44298099	26.3138925	26.3188364	26.2780737	26.3617009	0.00841751597	1.74688506	0	100	0	0	3
628	2658	0	4.45006708	26.3390665	26.3195049	26.2780737	26.3617009	0.00841751597	1.74688506	0	100	0	0	3
629	2663	0	4.45715318	26.3064559	26.3193362	26.2780737	26.3617009	0.00832829698	1.74688506	0	100	0	0	3
630	2668	0	4.46423927	26.3296836	26.3197255	26.2780737	26.3617009	0.00836803444	1.74688506	0	100	0	0	3
631	2674	0	4.47132537	26.3044272	26.3193652	26.2780737	26.3617009	0.00836803444	1.74688506	0	100	0	0	3
632	2680	0	4.47841146	26.3344496	26.319755	26.2780737	26.3617009	0.00839751382	1.74688506	0	100	0	0	3
633	2685	0	4.48549755	26.3133029	26.3195546	26.2780737	26.3617009	0.00839751382	1.74688506	0	100	0	0	3
634	2690	0	4.49258365	26.3413521	26.3201099	26.2780737	26.3617009	0.00875246282	1.74688506	0	100	0	0	3
635	2696	0	4.49966974	26.312495	26.3199195	26.2780737	26.3617009	0.00875246282	1.74688506	0	100	0	0	3
636	2701	0	4.50675584	26.3370547	26.3204485	26.2780737	26.3617009	0.00909101587	1.74688506	0	100	0	0	3
637	2706	0	4.51384193	26.3106725	26.3202141	26.2780737	26.3617009	0.00909101587	1.74688506	0	100	0	0	3
638	2711	0	4.52092802	26.3349541	26.3207031	26.2780737	26.3617009	0.00934565752	1.74688506	0	100	0	0	3
639	2716	0	4.52801412	26.3118789	26.3205382	26.2780737	26.3617009	0.00934565752	1.74688506	0	100	0	0	3
640	2722	0	4.53510021	26.347038	26.3213539	26.2780737	26.3617009	0.0099964009	1.74688506	0	100	0	0	3
641	2728	0	4.54218631	26.329751	26.3216283	26.2780737	26.3617009	0.0102708078	1.74688506	0	100	0	0	3
642	2734	0	4.5492724	26.3495638	26.3226352	26.2823895	26.3617009	0.0112777113	1.74688506	0	100	0	0	3
643	2739	0	4.5563585	26.3218229	26.3228262	26.2823895	26.3617009	0.0114687313	1.74688506	0	100	0	0	3
644	2744	0	4.56344459	26.343702	26.3236872	26.2823895	26.3617009	0.0123297492	1.74688506	0	100	0	0	3
645	2750	0	4.57053068	26.3228364	26.3238189	26.2823895	26.3617009	0.012461372	1.74688506	0	100	0	0	3
646	2756	0	4.57761678	26.3489491	26.3246608	26.2823895	26.3617009	0.0133033313	1.74688506	0	100	0	0	3
647	2760	0	4.58470287	26.3380792	26.3250131	26.2823895	26.3617009	0.0136556162	1.74688506	0	100	0	0	3
648	2765	0	4.59178897	26.3658532	26.3261796	26.2823895	26.3658532	0.0148221139	1.74688506	0	100	0	0	3
649	2770	0	4.59887506	26.3392936	26.3266166	26.2823895	26.3658532	0.0152591206	1.74688506	0	100	0	0	3
650	2775	0	4.60596115	26.3577436	26.3276779	26.2864709	26.3658532	0.016320446	1.74688506	0	100	0	0	3
651	2779	0	4.61304725	26.3256248	26.3279426	26.2864709	26.3658532	0.0165850975	1.74688506	0	100	0	0	3
652	2784	0	4.62013334	26.3476574	26.3288044	26.2905018	26.3658532	0.017446879	1.74688506	0	100	0	0	3
653	2789	0	4.62721944	26.32459	26.328922	26.2905018	26.3658532	0.0175645656	1.74688506	0	100	0	0	3
654	2795	0	4.63430553	26.3571329	26.3298605	26.2905869	26.3658532	0.0185030309	1.74688506	0	100	0	0	3
655	2801	0	4.64139162	26.3372362	26.3300867	26.2905869	26.3658532	0.0187292319	1.74688506	0	100	0	0	3
656	2806	0	4.64847772	26.359194	26.331053	26.2933775	26.3658532	0.0196955294	1.74688506	0	100	0	0	3
657	2812	0	4.65556381	26.3248938	26.3310765	26.2933775	26.3658532	0.0197190192	1.74688506	0	100	0	0	3
658	2817	0	4.66264991	26.3396311	26.331728	26.2980447	26.3658532	0.0203704789	1.74688506	0	100	0	0	3
659	2822	0	4.669736	26.3124438	26.3314988	26.2980447	26.3658532	0.0203704789	1.74688506	0	100	0	0	3
660	2826	0	4.67682209	26.3355008	26.3320263	26.2980447	26.3658532	0.0206687938	1.74688506	0	100	0	0	3
661	2831	0	4.68390819	26.3130162	26.3317972	26.2980447	26.3658532	0.0206687938	1.74688506	0	100	0	0	3
662	2836	0	4.69099428	26.3451132	26.3324601	26.3044272	26.3658532	0.0211026596	1.74688506	0	100	0	0	3
663	2842	0	4.69808038	26.3191643	26.3322178	26.3044272	26.3658532	0.0211026596	1.74688506	0	100	0	0	3
664	2846	0	4.70516647	26.3390292	26.332562	26.3044272	26.3658532	0.0210796049	1.74688506	0	100	0	0	3
665	2852	0	4.71225257	26.3076174	26.3318892	26.3044272	26.3658532	0.0210796049	1.74688506	0	100	0	0	3
666	2858	0	4.71933866	26.3337956	26.3319505	26.3044272	26.3658532	0.020812427	1.74688506	0	100	0	0	3
667	2863	0	4.72642475	26.3068453	26.331205	26.3044272	26.3658532	0.020812427	1.74688506	0	100	0	0	3
668	2868	0	4.73351085	26.3340188	26.3312797	26.3044272	26.3658532	0.0203120719	1.74688506	0	100	0	0	3
669	2873	0	4.74059694	26.3117448	26.3306404	26.3044272	26.3658532	0.0203120719	1.74688506	0	100	0	0	3
670	2879	0	4.74768304	26.3388661	26.33085	26.3044272	26.3658532	0.0196195762	1.74688506	0	100	0	0	3
671	2884	0	4.75476913	26.3125253	26.330214	26.3044272	26.3658532	0.0195676212	1.74688506	0	100	0	0	3
672	2889	0	4.76185522	26.3254764	26.3300921	26.3044272	26.3658532	0.0188120558	1.74688506	0	100	0	0	3
673	2893	0	4.76894132	26.3003036	26.3292273	26.3003036	26.3658532	0.0188120558	1.74688506	0	100	0	0	3
674	2899	0	4.77602741	26.3235115	26.3290803	26.3003036	26.3658532	0.018246453	1.74688506	0	100	0	0	3
675	2904	0	4.78311351	26.2993513	26.3282558	26.2993513	26.3658532	0.018246453	1.74688506	0	100	0	0	3
676	2909	0	4.7901996	26.3223772	26.3282192	26.2993513	26.3658532	0.0178304774	1.74688506	0	100	0	0	3
677	2914	0	4.79728569	26.2991337	26.3275573	26.2991337	26.3658532	0.0178304774	1.74688506	0	100	0	0	3
678	2919	0	4.80437179	26.3240679	26.3276227	26.2991337	26.3658532	0.0176186912	1.74688506	0	100	0	0	3
679	2924	0	4.81145788	26.297885	26.3269784	26.297885	26.3658532	0.0176186912	1.74688506	0	100	0	0	3
680	2929	0	4.81854398	26.3187044	26.3269967	26.297885	26.3658532	0.0176186912	1.74688506	0	100	0	0	3
681	2935	0	4.82563007	26.2947097	26.3263233	26.2947097	26.3658532	0.0176186912	1.74688506	0	100	0	0	3
682	2939	0	4.83271616	26.3179476	26.3264345	26.2947097	26.3658532	0.0175848683	1.74688506	0	100	0	0	3
683	2944	0	4.83980226	26.2934281	26.3257821	26.2934281	26.3658532	0.0175848683	1.74688506	0	100	0	0	3
684	2949	0	4.84688835	26.3156572	26.3258706	26.2934281	26.3658532	0.0175501336	1.74688506	0	100	0	0	3
685	2954	0	4.85397445	26.2939059	26.3252767	26.2934281	26.3658532	0.0175501336	1.74688506	0	100	0	0	3
686	2960	0	4.86106054	26.3220416	26.3254666	26.2934281	26.3658532	0.0172738762	1.74688506	0	100	0	0	3
687	2965	0	4.86814664	26.2979874	26.3248912	26.2934281	26.3658532	0.0172738762	1.74688506	0	100	0	0	3
688	2970	0	4.87523273	26.3218495	26.325072	26.2934281	26.3658532	0.0167504736	1.74688506	0	100	0	0	3
689	2975	0	4.88231882	26.2960372	26.3244671	26.2934281	26.3658532	0.0167504736	1.74688506	0	100	0	0	3
690	2980	0	4.88940492	26.3141017	26.3245289	26.2934281	26.3658532	0.0160565894	1.74688506	0	100	0	0	3
691	2985	0	4.89649101	26.2903927	26.3238642	26.2903927	26.3658532	0.0160565894	1.74688506	0	100	0	0	3
692	2990	0	4.90357711	26.3154178	26.3239738	26.2903927	26.3658532	0.0154152859	1.74688506	0	100	0	0	3
693	2995	0	4.9106632	26.2986006	26.3234939	26.2903927	26.3658532	0.0154152859	1.74688506	0	100	0	0	3
694	3000	0	4.91774929	26.3195448	26.3236593	26.2903927	26.3658532	0.0146302915	1.74688506	0	100	0	0	3
695	3005	0	4.92483539	26.2950069	26.3230354	26.2903927	26.3658532	0.014552512	1.74688506	0	100	0	0	3
696	3009	0	4.93192148	26.3101794	26.3229812	26.2903927	26.3658532	0.0137470632	1.74688506	0	100	0	0	3
697	3014	0	4.93900758	26.2773902	26.3220418	26.2773902	26.3658532	0.0137255525	1.74688506	0	100	0	0	3
698	3019	0	4.94609367	26.2992359	26.3218354	26.2773902	26.3658532	0.0132258494	1.74688506	0	100	0	0	3
699	3024	0	4.95317976	26.2761106	26.3209487	26.2761106	26.3658532	0.0132258494	1.74688506	0	100	0	0	3
700	3029	0	4.96026586	26.3057143	26.3209382	26.2761106	26.3658532	0.0131967961	1.74688506	0	100	0	0	3
701	3041	0	4.96735195	26.2809903	26.3202524	26.2761106	26.3658532	0.0131967961	1.74688506	0	100	0	0	3
702	3047	0	4.97443805	26.3084977	26.3203097	26.2761106	26.3658532	0.0130074258	1.74688506	0	100	0	0	3
703	3053	0	4.98152414	26.2745506	26.3194661	26.2745506	26.3658532	0.0130959107	1.74688506	0	100	0	0	3
704	3058	0	4.98861023	26.3035617	26.3193289	26.2745506	26.3658532	0.0132331103	1.74688506	0	100	0	0	3
705	3062	0	4.99569633	26.2825945	26.3185013	26.2745506	26.3658532	0.0140606827	1.74688506	0	100	0	0	3
706	3068	0	5.00278242	26.3162769	26.3185546	26.2745506	26.3658532	0.0140606827	1.74688506	0	100	0	0	3
707	3073	0	5.00986852	26.3006328	26.3180416	26.2745506	26.3658532	0.0145204004	1.74688506	0	100	0	0	3
708	3078	0	5.01695461	26.3300058	26.3183139	26.2745506	26.3658532	0.0145204004	1.74688506	0	100	0	0	3
709	3083	0	5.0240407	26.3044766	26.3178846	26.2745506	26.3658532	0.014677362	1.74688506	0	100	0	0	3
710	3088	0	5.0311268	26.3294662	26.3181323	26.2745506	26.3658532	0.014677362	1.74688506	0	100	0	0	3
711	3093	0	5.03821289	26.3030831	26.3175133	26.2745506	26.3658532	0.0150487369	1.74688506	0	100	0	0	3
712	3098	0	5.04529899	26.3335109	26.3175662	26.2745506	26.3658532	0.0150487369	1.74688506	0	100	0	0	3
713	3104	0	5.05238508	26.3176104	26.3171162	26.2745506	26.3658532	0.0154458285	1.74688506	0	100	0	0	3
714	3109	0	5.05947118	26.3549582	26.3175829	26.2745506	26.3658532	0.0154458285	1.74688506	0	100	0	0	3
715	3114	0	5.06655727	26.3308871	26.3174024	26.2745506	26.3658532	0.0154458285	1.74688506	0	100	0	0	3
716	3119	0	5.07364336	26.3553111	26.3178598	26.2745506	26.3658532	0.0154458285	1.74688506	0	100	0	0	3
717	3124	0	5.08072946	26.3255614	26.3175304	26.2745506	26.3658532	0.0154458285	1.74688506	0	100	0	0	3
718	3130	0	5.08781555	26.3505405	26.3177059	26.2745506	26.3658532	0.0154458285	1.74688506	0	100	0	0	3
719	3135	0	5.09490165	26.3233871	26.3171078	26.2745506	26.359194	0.0154542425	1.74688506	0	100	0	0	3
720	3140	0	5.10198774	26.3590291	26.3173857	26.2745506	26.359194	0.0154542425	1.74688506	0	100	0	0	3
721	3144	0	5.10907383	26.3413067	26.3171542	26.2745506	26.359194	0.0154542425	1.74688506	0	100	0	0	3
722	3148	0	5.11615993	26.3762561	26.3178673	26.2745506	26.3762561	0.0154542425	1.74688506	0	100	0	0	3
723	3154	0	5.12324602	26.3527673	26.3179393	26.2745506	26.3762561	0.0154542425	1.74688506	0	100	0	0	3
724	3159	0	5.13033212	26.380631	26.3187286	26.2745506	26.380631	0.0154542425	1.74688506	0	100	0	0	3
725	3164	0	5.13741821	26.3511884	26.3186449	26.2745506	26.380631	0.0154542425	1.74688506	0	100	0	0	3
726	3169	0	5.1445043	26.3801866	26.3192498	26.2745506	26.380631	0.0154542425	1.74688506	0	100	0	0	3
727	3174	0	5.1515904	26.3639677	26.3193171	26.2745506	26.380631	0.0154542425	1.74688506	0	100	0	0	3
728	3180	0	5.15867649	26.4003246	26.3203795	26.2745506	26.4003246	0.0154542425	1.74688506	0	100	0	0	3
729	3185	0	5.16576259	26.3780028	26.3209199	26.2745506	26.4003246	0.0154542425	1.74688506	0	100	0	0	3
730	3190	0	5.17284868	26.403204	26.3221982	26.2745506	26.403204	0.0154542425	1.74688506	0	100	0	0	3
731	3195	0	5.17993477	26.3718294	26.3227099	26.2745506	26.403204	0.0154542425	1.74688506	0	100	0	0	3
732	3200	0	5.18702087	26.3948257	26.3238621	26.2745506	26.403204	0.0154542425	1.74688506	0	100	0	0	3
733	3206	0	5.19410696	26.3627215	26.3241101	26.2745506	26.403204	0.0154542425	1.74688506	0	100	0	0	3
734	3211	0	5.20119306	26.3859185	26.3250503	26.2745506	26.403204	0.0154542425	1.74688506	0	100	0	0	3
735	3216	0	5.20827915	26.3567627	26.3253001	26.2745506	26.403204	0.0148427573	1.74688506	0	100	0	0	3
736	3222	0	5.21536525	26.3834739	26.3263685	26.2745506	26.403204	0.0148427573	1.74688506	0	100	0	0	3
737	3227	0	5.22245134	26.3549642	26.3266667	26.2745506	26.403204	0.014171941	1.74688506	0	100	0	0	3
738	3232	0	5.22953743	26.3784862	26.3276757	26.2745506	26.403204	0.014171941	1.74688506	0	100	0	0	3
739	3237	0	5.23662353	26.3514481	26.3279212	26.2745506	26.403204	0.0137422647	1.74688506	0	100	0	0	3
740	3241	0	5.24370962	26.3724787	26.3287766	26.2745506	26.403204	0.0137422647	1.74688506	0	100	0	0	3
741	3246	0	5.25079572	26.3458656	26.3288752	26.2745506	26.403204	0.0131062158	1.74688506	0	100	0	0	3
742	3252	0	5.25788181	26.3661107	26.3296299	26.2745506	26.403204	0.0129843147	1.74688506	0	100	0	0	3
743	3257	0	5.2649679	26.3367972	26.3297893	26.2745506	26.403204	0.0126815815	1.74688506	0	100	0	0	3
744	3263	0	5.272054	26.3612791	26.3306482	26.2745506	26.403204	0.0135403922	1.74688506	0	100	0	0	3
745	3268	0	5.27914009	26.333155	26.330784	26.2745506	26.403204	0.0136762168	1.74688506	0	100	0	0	3
746	3274	0	5.28622619	26.3591528	26.3316262	26.2745506	26.403204	0.0145184907	1.74688506	0	100	0	0	3
747	3280	0	5.29331228	26.3307178	26.3317437	26.2745506	26.403204	0.014635964	1.74688506	0	100	0	0	3
748	3285	0	5.30039837	26.3551703	26.332533	26.2745506	26.403204	0.0154252114	1.74688506	0	100	0	0	3
749	3291	0	5.30748447	26.3302645	26.3326202	26.2745506	26.403204	0.0155124874	1.74688506	0	100	0	0	3
750	3296	0	5.31457056	26.349769	26.333351	26.2745506	26.403204	0.0162432476	1.74688506	0	100	0	0	3
751	3301	0	5.32165666	26.3252082	26.3334426	26.2745506	26.403204	0.0163348514	1.74688506	0	100	0	0	3
752	3306	0	5.32874275	26.3487171	26.3342033	26.2745506	26.403204	0.017095519	1.74688506	0	100	0	0	3
753	3311	0	5.33582884	26.3223505	26.3342653	26.2745506	26.403204	0.0171575308	1.74688506	0	100	0	0	3
754	3315	0	5.34291494	26.3442306	26.3349808	26.2745506	26.403204	0.0178730584	1.74688506	0	100	0	0	3
755	3322	0	5.35000103	26.3173116	26.3350041	26.2745506	26.403204	0.0178963585	1.74688506	0	100	0	0	3
756	3327	0	5.35708713	26.3380416	26.3356257	26.2745506	26.403204	0.0185179884	1.74688506	0	100	0	0	3
757	3332	0	5.36417322	26.314317	26.335517	26.2745506	26.403204	0.0185179884	1.74688506	0	100	0	0	3
758	3337	0	5.37125931	26.3313879	26.3359874	26.2745506	26.403204	0.0188796213	1.74688506	0	100	0	0	3
759	3342	0	5.37834541	26.3076302	26.3357871	26.2745506	26.403204	0.0188796213	1.74688506	0	100	0	0	3
760	3346	0	5.3854315	26.3239915	26.3361808	26.2745506	26.403204	0.0190730703	1.74688506	0	100	0	0	3
761	3352	0	5.3925176	26.2971168	26.3359416	26.2745506	26.403204	0.0190730703	1.74688506	0	100	0	0	3
762	3357	0	5.39960369	26.3198268	26.3363562	26.2745506	26.403204	0.0192484117	1.74688506	0	100	0	0	3
763	3363	0	5.40668979	26.2994516	26.3361313	26.2745506	26.403204	0.0192484117	1.74688506	0	100	0	0	3
764	3368	0	5.41377588	26.3252695	26.3365069	26.2745506	26.403204	0.0193991541	1.74688506	0	100	0	0	3
765	3373	0	5.42086197	26.307932	26.3363434	26.2745506	26.403204	0.0193991541	1.74688506	0	100	0	0	3
766	3378	0	5.42794807	26.3347216	26.3369027	26.2745506	26.403204	0.0197949568	1.74688506	0	100	0	0	3
767	3384	0	5.43503416	26.3084329	26.3368781	26.2745506	26.403204	0.0197949568	1.74688506	0	100	0	0	3
768	3390	0	5.44212026	26.3305867	26.3376274	26.2745506	26.403204	0.0205196052	1.74688506	0	100	0	0	3
769	3394	0	5.44920635	26.3007307	26.3376484	26.2745506	26.403204	0.0205406582	1.74688506	0	100	0	0	3
770	3400	0	5.45629244	26.3257124	26.338347	26.2745506	26.403204	0.0212392754	1.74688506	0	100	0	0	3
771	3405	0	5.46337854	26.3005986	26.338275	26.2745506	26.403204	0.0212392754	1.74688506	0	100	0	0	3
772	3410	0	5.47046463	26.329863	26.3389633	26.2745506	26.403204	0.0218555702	1.74688506	0	100	0	0	3
773	3416	0	5.47755073	26.3038571	26.338898	26.2745506	26.403204	0.0218555702	1.74688506	0	100	0	0	3
774	3421	0	5.48463682	26.3303828	26.3396843	26.2825945	26.403204	0.0225765789	1.74688506	0	100	0	0	3
775	3426	0	5.49172291	26.3011582	26.3396505	26.2825945	26.403204	0.0225765789	1.74688506	0	100	0	0	3
776	3431	0	5.49880901	26.3220953	26.3402068	26.2971168	26.403204	0.0230990755	1.74688506	0	100	0	0	3
777	3437	0	5.5058951	26.2928704	26.3398772	26.2928704	26.403204	0.0230990755	1.74688506	0	100	0	0	3
778	3442	0	5.5129812	26.3162781	26.3400975	26.2928704	26.403204	0.0230990755	1.74688506	0	100	0	0	3
779	3447	0	5.52006729	26.2886255	26.3395147	26.2886255	26.403204	0.0230990755	1.74688506	0	100	0	0	3
780	3452	0	5.52715338	26.3194733	26.3397259	26.2886255	26.403204	0.0230990755	1.74688506	0	100	0	0	3
781	3456	0	5.53423948	26.2969369	26.3392678	26.2886255	26.403204	0.0230990755	1.74688506	0	100	0	0	3
782	3461	0	5.54132557	26.3276883	26.3396143	26.2886255	26.403204	0.0230990755	1.74688506	0	100	0	0	3
783	3467	0	5.54841167	26.3021295	26.3391723	26.2886255	26.403204	0.0230990755	1.74688506	0	100	0	0	3
784	3471	0	5.55549776	26.3304213	26.3393528	26.2886255	26.403204	0.0230990755	1.74688506	0	100	0	0	3
785	3477	0	5.56258386	26.3059017	26.3386618	26.2886255	26.403204	0.0230990755	1.74688506	0	100	0	0	3
786	3482	0	5.56966995	26.3400617	26.338791	26.2886255	26.403204	0.0230990755	1.74688506	0	100	0	0	3
787	3487	0	5.57675604	26.3157734	26.3382342	26.2886255	26.403204	0.0230990755	1.74688506	0	100	0	0	3
788	3492	0	5.58384214	26.3485316	26.3385577	26.2886255	26.403204	0.0230990755	1.74688506	0	100	0	0	3
789	3497	0	5.59092823	26.3226765	26.3381652	26.2886255	26.403204	0.0230990755	1.74688506	0	100	0	0	3
790	3503	0	5.59801433	26.3471982	26.3385006	26.2886255	26.403204	0.0230526163	1.74688506	0	100	0	0	3
791	3509	0	5.60510042	26.3171513	26.3379108	26.2886255	26.403204	0.0230526163	1.74688506	0	100	0	0	3
792	3514	0	5.61218651	26.3439841	26.3379485	26.2886255	26.403204	0.0223394981	1.74688506	0	100	0	0	3
793	3520	0	5.61927261	26.3175749	26.337122	26.2886255	26.403204	0.0222675278	1.74688506	0	100	0	0	3
794	3525	0	5.6263587	26.3453963	26.3370182	26.2886255	26.403204	0.0215619426	1.74688506	0	100	0	0	3
795	3529	0	5.6334448	26.3250795	26.3362358	26.2886255	26.403204	0.0215619426	1.74688506	0	100	0	0	3
796	3535	0	5.64053089	26.3533	26.3362655	26.2886255	26.403204	0.0209570064	1.74688506	0	100	0	0	3
797	3539	0	5.64761698	26.3274815	26.3355232	26.2886255	26.403204	0.0208897716	1.74688506	0	100	0	0	3
798	3544	0	5.65470308	26.3515799	26.3353487	26.2886255	26.403204	0.0198273658	1.74688506	0	100	0	0	3
799	3549	0	5.66178917	26.3279323	26.3343291	26.2886255	26.403204	0.0192869195	1.74688506	0	100	0	0	3
800	3555	0	5.66887527	26.3470206	26.3338927	26.2886255	26.403204	0.0180086067	1.74688506	0	100	0	0	3
801	3568	0	5.67596136	26.3258487	26.3328032	26.2886255	26.3948257	0.0174969362	1.74688506	0	100	0	0	3
802	3574	0	5.68304745	26.3539105	26.3325508	26.2886255	26.3948257	0.0163446896	1.74688506	0	100	0	0	3
803	3579	0	5.69013355	26.3333917	26.3316856	26.2886255	26.3859185	0.0160966857	1.74688506	0	100	0	0	3
804	3585	0	5.69721964	26.3534887	26.3315555	26.2886255	26.3859185	0.0151564858	1.74688506	0	100	0	0	3
805	3589	0	5.70430574	26.3267624	26.3307223	26.2886255	26.3834739	0.0149067173	1.74688506	0	100	0	0	3
806	3594	0	5.71139183	26.348136	26.3306008	26.2886255	26.3834739	0.0138383155	1.74688506	0	100	0	0	3
807	3600	0	5.71847792	26.328049	26.3298202	26.2886255	26.3784862	0.0135401663	1.74688506	0	100	0	0	3
808	3606	0	5.72556402	26.3545169	26.3298139	26.2886255	26.3784862	0.0125311394	1.74688506	0	100	0	0	3
809	3611	0	5.73265011	26.3327623	26.3291699	26.2886255	26.3724787	0.0122856573	1.74688506	0	100	0	0	3
810	3616	0	5.73973621	26.3553847	26.3292254	26.2886255	26.3724787	0.01143025	1.74688506	0	100	0	0	3
811	3622	0	5.7468223	26.3331469	26.3286714	26.2886255	26.3661107	0.0115354483	1.74688506	0	100	0	0	3
812	3628	0	5.7539084	26.3541779	26.3287885	26.2886255	26.3661107	0.0115354483	1.74688506	0	100	0	0	3
813	3633	0	5.76099449	26.3266408	26.3282325	26.2886255	26.3612791	0.0119742875	1.74688506	0	100	0	0	3
814	3638	0	5.76808058	26.3498318	26.3284161	26.2886255	26.3612791	0.0119742875	1.74688506	0	100	0	0	3
815	3643	0	5.77516668	26.3229068	26.3278757	26.2886255	26.3591528	0.0123311574	1.74688506	0	100	0	0	3
816	3648	0	5.78225277	26.3455945	26.3280509	26.2886255	26.3591528	0.0123311574	1.74688506	0	100	0	0	3
817	3653	0	5.78933887	26.3153506	26.3274339	26.2886255	26.3553847	0.0127728858	1.74688506	0	100	0	0	3
818	3658	0	5.79642496	26.3343418	26.327485	26.2886255	26.3553847	0.0127728858	1.74688506	0	100	0	0	3
819	3664	0	5.80351105	26.3070486	26.3268072	26.2886255	26.3553847	0.0133996129	1.74688506	0	100	0	0	3
820	3669	0	5.81059715	26.3281802	26.3267779	26.2886255	26.3553847	0.0134289689	1.74688506	0	100	0	0	3
821	3675	0	5.81768324	26.3058878	26.3261598	26.2886255	26.3553847	0.0140470141	1.74688506	0	100	0	0	3
822	3680	0	5.82476934	26.3317271	26.3262516	26.2886255	26.3553847	0.0140470141	1.74688506	0	100	0	0	3
823	3685	0	5.83185543	26.3075543	26.3256719	26.2886255	26.3553847	0.0145349554	1.74688506	0	100	0	0	3
824	3690	0	5.83894152	26.3313566	26.3257987	26.2886255	26.3553847	0.0145349554	1.74688506	0	100	0	0	3
825	3696	0	5.84602762	26.3041948	26.3252348	26.2886255	26.3553847	0.0149719929	1.74688506	0	100	0	0	3
826	3700	0	5.85311371	26.3309949	26.3254276	26.2886255	26.3553847	0.0149719929	1.74688506	0	100	0	0	3
827	3705	0	5.86019981	26.3040894	26.3249494	26.2886255	26.3553847	0.0152574696	1.74688506	0	100	0	0	3
828	3710	0	5.8672859	26.3270854	26.3251292	26.2886255	26.3553847	0.0152574696	1.74688506	0	100	0	0	3
829	3715	0	5.87437199	26.2971849	26.3246475	26.2886255	26.3553847	0.0155593654	1.74688506	0	100	0	0	3
830	3719	0	5.88145809	26.3257626	26.3249029	26.2886255	26.3553847	0.0155593654	1.74688506	0	100	0	0	3
831	3725	0	5.88854418	26.2979715	26.3245364	26.2886255	26.3553847	0.0156704578	1.74688506	0	100	0	0	3
