Iteration	CPUTime	PhysTime	Travels	Value	AvValue	MinValue	MaxValue	Delta	Criteria	PrevAvRefValue	Progress	CriteriaType	CriteriaVarType	CriteriaPercentage
1	15	0	0.00708609408	293.200083	293.200083	293.200083	293.200083	0	0	0	0	0	0	3
2	17	0	0.0141721882	293.200082	293.200083	293.200082	293.200083	7.75362253e-07	0	0	0	0	0	3
3	19	0	0.0212582822	293.200082	293.200082	293.200082	293.200083	8.84096778e-07	0	0	0	0	0	3
4	21	0	0.0283443763	293.200079	293.200082	293.200079	293.200083	1.66476576e-06	0	0	0	0	0	3
5	23	0	0.0354304704	293.200079	293.200081	293.200079	293.200083	2.25549496e-06	0	0	0	0	0	3
6	25	0	0.0425165645	293.200076	293.20008	293.200076	293.200083	3.10070277e-06	0	0	0	0	0	3
7	27	0	0.0496026586	293.200075	293.200079	293.200075	293.200083	3.87777243e-06	0	0	0	0	0	3
8	29	0	0.0566887527	293.200073	293.200079	293.200073	293.200083	4.68842705e-06	0	0	0	0	0	3
9	31	0	0.0637748467	293.200072	293.200078	293.200072	293.200083	5.38316579e-06	0	0	0	0	0	3
10	33	0	0.0708609408	293.200072	293.200077	293.200072	293.200083	6.00640738e-06	0	0	0	0	0	3
11	35	0	0.0779470349	293.200073	293.200077	293.200072	293.200083	6.43963898e-06	0	0	0	0	0	3
12	37	0	0.085033129	293.200074	293.200077	293.200072	293.200083	6.70451158e-06	0	0	0	0	0	3
13	39	0	0.0921192231	293.200075	293.200077	293.200072	293.200083	6.7946898e-06	0	0	0	0	0	3
14	41	0	0.0992053172	293.200077	293.200077	293.200072	293.200083	6.7946898e-06	0	0	0	0	0	3
15	43	0	0.106291411	293.200079	293.200077	293.200072	293.200083	6.7946898e-06	0	0	0	0	0	3
16	45	0	0.113377505	293.200083	293.200077	293.200072	293.200083	6.7946898e-06	0	0	0	0	0	3
17	47	0	0.120463599	293.200086	293.200078	293.200072	293.200086	6.7946898e-06	0	0	0	0	0	3
18	49	0	0.127549693	293.200089	293.200078	293.200072	293.200089	6.7946898e-06	0	0	0	0	0	3
19	51	0	0.134635788	293.200092	293.200079	293.200072	293.200092	6.7946898e-06	0	0	0	0	0	3
20	53	0	0.141721882	293.200095	293.20008	293.200072	293.200095	6.7946898e-06	0	0	0	0	0	3
21	55	0	0.148807976	293.200099	293.200081	293.200072	293.200099	6.7946898e-06	0	0	0	0	0	3
22	57	0	0.15589407	293.200102	293.200082	293.200072	293.200102	6.7946898e-06	0	0	0	0	0	3
23	59	0	0.162980164	293.200103	293.200083	293.200072	293.200103	6.7946898e-06	0	0	0	0	0	3
24	61	0	0.170066258	293.200102	293.200083	293.200072	293.200103	6.93380838e-06	0	0	0	0	0	3
25	63	0	0.177152352	293.2001	293.200084	293.200072	293.200103	7.58729936e-06	0	0	0	0	0	3
26	65	0	0.184238446	293.200094	293.200084	293.200072	293.200103	7.95611925e-06	0	0	0	0	0	3
27	67	0	0.19132454	293.200085	293.200084	293.200072	293.200103	7.97443727e-06	0	0	0	0	0	3
28	69	0	0.198410634	293.200074	293.200084	293.200072	293.200103	7.97443727e-06	0	0	0	0	0	3
29	71	0	0.205496728	293.200063	293.200083	293.200063	293.200103	7.97443727e-06	0	0	0	0	0	3
30	73	0	0.212582822	293.200052	293.200082	293.200052	293.200103	7.97443727e-06	0	0	0	0	0	3
31	75	0	0.219668917	293.200036	293.200081	293.200036	293.200103	7.97443727e-06	0	0	0	0	0	3
32	77	0	0.226755011	293.200023	293.200079	293.200023	293.200103	7.97443727e-06	0	0	0	0	0	3
33	79	0	0.233841105	293.200013	293.200077	293.200013	293.200103	7.97443727e-06	0	0	0	0	0	3
34	81	0	0.240927199	293.200005	293.200075	293.200005	293.200103	9.56711307e-06	0	0	0	0	0	3
35	83	0	0.248013293	293.199998	293.200073	293.199998	293.200103	1.17541175e-05	0	0	0	0	0	3
36	85	0	0.255099387	293.199991	293.20007	293.199991	293.200103	1.40227799e-05	0	0	0	0	0	3
37	87	0	0.262185481	293.199986	293.200068	293.199986	293.200103	1.63135123e-05	0	0	0	0	0	3
38	89	0	0.269271575	293.199982	293.200066	293.199982	293.200103	1.85933594e-05	0	0	0	0	0	3
39	91	0	0.276357669	293.199978	293.200064	293.199978	293.200103	2.08418887e-05	0	0	0	0	0	3
40	93	0	0.283443763	293.199975	293.200061	293.199975	293.200103	2.30536308e-05	0	0	0	0	0	3
41	95	0	0.290529857	293.199971	293.200059	293.199971	293.200103	2.52573676e-05	0	0	0	0	0	3
42	97	0	0.297615951	293.199967	293.200057	293.199967	293.200103	2.74453226e-05	0	0	0	0	0	3
43	99	0	0.304702046	293.199964	293.200055	293.199964	293.200103	2.96115111e-05	0	0	0	0	0	3
44	101	0	0.31178814	293.199961	293.200053	293.199961	293.200103	3.17547965e-05	0	0	0	0	0	3
45	103	0	0.318874234	293.199958	293.200051	293.199958	293.200103	3.38698717e-05	0	0	0	0	0	3
46	105	0	0.325960328	293.199955	293.200049	293.199955	293.200103	3.59541874e-05	0	0	0	0	0	3
47	107	0	0.333046422	293.199953	293.200046	293.199953	293.200103	3.79957891e-05	0	0	0	0	0	3
48	110	0	0.340132516	293.199951	293.200044	293.199951	293.200103	3.99910633e-05	0	0	0	0	0	3
49	112	0	0.34721861	293.19995	293.200043	293.19995	293.200103	4.19248994e-05	0	0	0	0	0	3
50	114	0	0.354304704	293.199949	293.200041	293.199949	293.200103	4.37962506e-05	0	0	0	0	0	3
51	116	0	0.361390798	293.199949	293.200039	293.199949	293.200103	4.55996507e-05	0	0	0	0	0	3
52	118	0	0.368476892	293.199949	293.200037	293.199949	293.200103	4.73310178e-05	0	0	0	0	0	3
53	119	0	0.375562986	293.199949	293.200036	293.199949	293.200103	4.89870891e-05	0	0	0	0	0	3
54	121	0	0.38264908	293.19995	293.200034	293.199949	293.200103	5.05662669e-05	0	0	0	0	0	3
55	123	0	0.389735175	293.199951	293.200032	293.199949	293.200103	5.20666393e-05	0	0	0	0	0	3
56	125	0	0.396821269	293.199953	293.200031	293.199949	293.200103	5.34870985e-05	0	0	0	0	0	3
57	127	0	0.403907363	293.199955	293.20003	293.199949	293.200103	5.48237452e-05	0	0	0	0	0	3
58	129	0	0.410993457	293.199957	293.200028	293.199949	293.200103	5.60796692e-05	0	0	0	0	0	3
59	131	0	0.418079551	293.199959	293.200027	293.199949	293.200103	5.72556735e-05	0	0	0	0	0	3
60	133	0	0.425165645	293.199961	293.200026	293.199949	293.200103	5.83578255e-05	0	0	0	0	0	3
61	135	0	0.432251739	293.199963	293.200025	293.199949	293.200103	5.93883991e-05	0	0	0	0	0	3
62	137	0	0.439337833	293.199965	293.200024	293.199949	293.200103	6.03502502e-05	0	0	0	0	0	3
63	139	0	0.446423927	293.199968	293.200023	293.199949	293.200103	6.12449882e-05	0	0	0	0	0	3
64	141	0	0.453510021	293.19997	293.200022	293.199949	293.200103	6.20752308e-05	0	0	0	0	0	3
65	143	0	0.460596115	293.199972	293.200022	293.199949	293.200103	6.28441824e-05	0	0	0	0	0	3
66	145	0	0.467682209	293.199975	293.200021	293.199949	293.200103	6.35535902e-05	0	0	0	0	0	3
67	147	0	0.474768304	293.199977	293.20002	293.199949	293.200103	6.42055255e-05	0	0	0	0	0	3
68	149	0	0.481854398	293.19998	293.20002	293.199949	293.200103	6.48032512e-05	0	0	0	0	0	3
69	151	0	0.488940492	293.199982	293.200019	293.199949	293.200103	6.53475705e-05	0	0	0	0	0	3
70	152	0	0.496026586	293.199984	293.200019	293.199949	293.200103	6.58445292e-05	0	0	0	0	0	3
71	154	0	0.50311268	293.199986	293.200018	293.199949	293.200103	6.62974634e-05	0	0	0	0	0	3
72	156	0	0.510198774	293.199988	293.200017	293.199949	293.200103	6.76383893e-05	0	0	0	0	0	3
73	158	0	0.517284868	293.199989	293.200016	293.199949	293.200103	6.89384108e-05	0	0	0	0	0	3
74	160	0	0.524370962	293.19999	293.200014	293.199949	293.200103	7.02314927e-05	0	0	0	0	0	3
75	162	0	0.531457056	293.199991	293.200013	293.199949	293.200103	7.14749079e-05	0	0	0	0	0	3
76	164	0	0.53854315	293.199991	293.200012	293.199949	293.200103	7.27052367e-05	0	0	0	0	0	3
77	166	0	0.545629244	293.199992	293.200011	293.199949	293.200103	7.38926415e-05	0	0	0	0	0	3
78	168	0	0.552715338	293.199992	293.200009	293.199949	293.200103	7.50608199e-05	0	0	0	0	0	3
79	170	0	0.559801433	293.199992	293.200008	293.199949	293.200103	7.62021977e-05	0	0	0	0	0	3
80	172	0	0.566887527	293.199992	293.200007	293.199949	293.200103	7.73376784e-05	0	0	0	0	0	3
81	174	0	0.573973621	293.199992	293.200006	293.199949	293.200103	7.84668836e-05	0	0	0	0	0	3
82	176	0	0.581059715	293.199991	293.200005	293.199949	293.200103	7.96149955e-05	0	0	0	0	0	3
83	178	0	0.588145809	293.19999	293.200004	293.199949	293.200103	8.07883202e-05	0	0	0	0	0	3
84	180	0	0.595231903	293.199989	293.200002	293.199949	293.200103	8.19994142e-05	0	0	0	0	0	3
85	182	0	0.602317997	293.199988	293.200001	293.199949	293.200103	8.32507448e-05	0	0	0	0	0	3
86	184	0	0.609404091	293.199987	293.2	293.199949	293.200103	8.45466897e-05	0	0	0	0	0	3
87	186	0	0.616490185	293.199986	293.199999	293.199949	293.200103	8.5903768e-05	0	0	0	0	0	3
88	188	0	0.623576279	293.199985	293.199997	293.199949	293.200103	8.73230429e-05	0	0	0	0	0	3
89	190	0	0.630662373	293.199984	293.199996	293.199949	293.200103	8.88020887e-05	0	0	0	0	0	3
90	192	0	0.637748467	293.199983	293.199994	293.199949	293.200103	9.03390026e-05	0	0	0	0	0	3
91	194	0	0.644834562	293.199982	293.199993	293.199949	293.200103	9.19284637e-05	0	0	0	0	0	3
92	196	0	0.651920656	293.199981	293.199991	293.199949	293.200103	9.35853861e-05	0	0	0	0	0	3
93	198	0	0.65900675	293.199981	293.199989	293.199949	293.200103	9.52913684e-05	0	0	0	0	0	3
94	200	0	0.666092844	293.19998	293.199987	293.199949	293.200102	9.7024565e-05	0	0	0	0	0	3
95	201	0	0.673178938	293.199979	293.199986	293.199949	293.2001	9.87591947e-05	0	0	0	0	0	3
96	203	0	0.680265032	293.199978	293.199984	293.199949	293.200094	0.000100469507	0	0	0	0	0	3
97	205	0	0.687351126	293.199978	293.199982	293.199949	293.200085	0.000102099359	0	0	0	0	0	3
98	207	0	0.69443722	293.199978	293.199981	293.199949	293.200074	0.000103247904	0	0	0	0	0	3
99	209	0	0.701523314	293.199978	293.19998	293.199949	293.200063	0.000103881801	0	0	0	0	0	3
100	211	0	0.708609408	293.199978	293.199978	293.199949	293.200052	0.000102872681	0	0	0	0	0	3
101	216	0	0.715695502	293.199978	293.199977	293.199949	293.200036	8.75110782e-05	0	0	0	0	0	3
102	218	0	0.722781596	293.199978	293.199976	293.199949	293.200023	7.45687412e-05	0	0	0	0	0	3
103	220	0	0.729867691	293.199978	293.199976	293.199949	293.200013	6.42374603e-05	0	0	0	0	0	3
104	222	0	0.736953785	293.199979	293.199975	293.199949	293.200005	5.60116222e-05	0	0	0	0	0	3
105	224	0	0.744039879	293.199979	293.199975	293.199949	293.199998	4.96573898e-05	0	0	0	0	0	3
106	225	0	0.751125973	293.199979	293.199975	293.199949	293.199992	4.3189077e-05	0	0	0	0	0	3
107	227	0	0.758212067	293.19998	293.199975	293.199949	293.199992	4.3189077e-05	0	0	0	0	0	3
108	229	0	0.765298161	293.19998	293.199974	293.199949	293.199992	4.3189077e-05	0	0	0	0	0	3
109	231	0	0.772384255	293.199981	293.199974	293.199949	293.199992	4.3189077e-05	0	0	0	0	0	3
110	233	0	0.779470349	293.199981	293.199974	293.199949	293.199992	4.3189077e-05	0	0	0	0	0	3
111	235	0	0.786556443	293.199981	293.199975	293.199949	293.199992	4.3189077e-05	0	0	0	0	0	3
112	237	0	0.793642537	293.199981	293.199975	293.199949	293.199992	4.3189077e-05	0	0	0	0	0	3
113	239	0	0.800728631	293.199982	293.199975	293.199949	293.199992	4.3189077e-05	0	0	0	0	0	3
114	241	0	0.807814725	293.199982	293.199975	293.199949	293.199992	4.3189077e-05	0	0	0	0	0	3
115	243	0	0.81490082	293.199982	293.199975	293.199949	293.199992	4.3189077e-05	0	0	0	0	0	3
116	245	0	0.821986914	293.199983	293.199976	293.199949	293.199992	4.3189077e-05	0	0	0	0	0	3
117	247	0	0.829073008	293.199983	293.199976	293.199949	293.199992	4.3189077e-05	0	0	0	0	0	3
118	248	0	0.836159102	293.199983	293.199977	293.199949	293.199992	4.3189077e-05	0	0	0	0	0	3
119	250	0	0.843245196	293.199984	293.199977	293.199949	293.199992	4.3189077e-05	0	0	0	0	0	3
120	252	0	0.85033129	293.199984	293.199978	293.199949	293.199992	4.3189077e-05	0	0	0	0	0	3
121	254	0	0.857417384	293.199984	293.199978	293.199949	293.199992	4.3189077e-05	0	0	0	0	0	3
122	256	0	0.864503478	293.199984	293.199979	293.199949	293.199992	4.30501636e-05	0	0	0	0	0	3
123	258	0	0.871589572	293.199985	293.199979	293.199949	293.199992	4.25222233e-05	0	0	0	0	0	3
124	260	0	0.878675666	293.199985	293.19998	293.19995	293.199992	4.16821057e-05	0	0	0	0	0	3
125	262	0	0.88576176	293.199985	293.19998	293.199951	293.199992	4.05061709e-05	0	0	0	0	0	3
126	264	0	0.892847854	293.199985	293.199981	293.199953	293.199992	3.90317705e-05	0	0	0	0	0	3
127	266	0	0.899933949	293.199985	293.199981	293.199955	293.199992	3.70953834e-05	0	0	0	0	0	3
128	268	0	0.907020043	293.199986	293.199981	293.199957	293.199992	3.5086753e-05	0	0	0	0	0	3
129	270	0	0.914106137	293.199986	293.199982	293.199959	293.199992	3.28833526e-05	0	0	0	0	0	3
130	271	0	0.921192231	293.199986	293.199982	293.199961	293.199992	3.0804214e-05	0	0	0	0	0	3
131	273	0	0.928278325	293.199986	293.199983	293.199963	293.199992	2.86422314e-05	0	0	0	0	0	3
132	275	0	0.935364419	293.199986	293.199983	293.199965	293.199992	2.64425906e-05	0	0	0	0	0	3
133	277	0	0.942450513	293.199987	293.199983	293.199968	293.199992	2.41381608e-05	0	0	0	0	0	3
134	279	0	0.949536607	293.199987	293.199984	293.19997	293.199992	2.17999402e-05	0	0	0	0	0	3
135	281	0	0.956622701	293.199987	293.199984	293.199972	293.199992	1.94765034e-05	0	0	0	0	0	3
136	283	0	0.963708795	293.199987	293.199984	293.199975	293.199992	1.70845196e-05	0	0	0	0	0	3
137	285	0	0.970794889	293.199987	293.199984	293.199977	293.199992	1.46526737e-05	0	0	0	0	0	3
138	287	0	0.977880983	293.199987	293.199984	293.199978	293.199992	1.43667951e-05	0	0	0	0	0	3
139	289	0	0.984967078	293.199987	293.199984	293.199978	293.199992	1.43667951e-05	0	0	0	0	0	3
140	291	0	0.992053172	293.199987	293.199984	293.199978	293.199992	1.43667951e-05	0	0	0	0	0	3
141	293	0	0.999139266	293.199987	293.199985	293.199978	293.199992	1.43667951e-05	0	0	0	0	0	3
142	295	0	1.00622536	293.199987	293.199985	293.199978	293.199992	1.43667951e-05	4.6204909e-06	0	0	0	0	3
143	296	0	1.01331145	293.199987	293.199984	293.199978	293.199992	1.43667951e-05	4.6204909e-06	0	0	0	0	3
144	298	0	1.02039755	293.199987	293.199984	293.199978	293.199992	1.43667951e-05	4.6204909e-06	0	0	0	0	3
145	300	0	1.02748364	293.199986	293.199984	293.199978	293.199992	1.43667951e-05	4.6204909e-06	0	0	0	0	3
146	302	0	1.03456974	293.199986	293.199984	293.199978	293.199992	1.43667951e-05	4.6204909e-06	0	0	0	0	3
147	304	0	1.04165583	293.199986	293.199984	293.199978	293.199992	1.43667951e-05	4.6204909e-06	0	0	0	0	3
148	306	0	1.04874192	293.199986	293.199984	293.199978	293.199992	1.43667951e-05	4.6204909e-06	0	0	0	0	3
149	308	0	1.05582802	293.199986	293.199984	293.199978	293.199992	1.43667951e-05	4.6204909e-06	0	0	0	0	3
150	310	0	1.06291411	293.199985	293.199984	293.199978	293.199992	1.42074218e-05	4.6204909e-06	0	0	0	0	3
151	312	0	1.07000021	293.199985	293.199984	293.199978	293.199992	1.39784763e-05	4.6204909e-06	0	0	0	0	3
152	314	0	1.0770863	293.199985	293.199984	293.199978	293.199991	1.34797211e-05	4.6204909e-06	0	0	0	0	3
153	316	0	1.08417239	293.199985	293.199984	293.199978	293.19999	1.28434655e-05	4.6204909e-06	0	0	0	0	3
154	318	0	1.09125849	293.199984	293.199984	293.199978	293.199989	1.19031243e-05	4.6204909e-06	0	0	0	0	3
155	319	0	1.09834458	293.199984	293.199984	293.199978	293.199988	1.0956911e-05	4.6204909e-06	0	0	0	0	3
156	321	0	1.10543068	293.199984	293.199983	293.199978	293.199987	9.92124421e-06	4.6204909e-06	0	0	0	0	3
157	323	0	1.11251677	293.199983	293.199983	293.199978	293.199987	9.92124421e-06	4.6204909e-06	0	0	0	0	3
158	325	0	1.11960287	293.199983	293.199983	293.199978	293.199987	9.92124421e-06	4.6204909e-06	0	0	0	0	3
159	327	0	1.12668896	293.199983	293.199983	293.199978	293.199987	9.92124421e-06	4.6204909e-06	0	0	0	0	3
160	329	0	1.13377505	293.199983	293.199983	293.199978	293.199987	9.92124421e-06	4.6204909e-06	0	0	0	0	3
161	331	0	1.14086115	293.199983	293.199983	293.199978	293.199987	9.92124421e-06	4.6204909e-06	0	0	0	0	3
162	333	0	1.14794724	293.199983	293.199983	293.199978	293.199987	9.92124421e-06	4.6204909e-06	0	0	0	0	3
163	335	0	1.15503334	293.199983	293.199983	293.199978	293.199987	9.92124421e-06	4.6204909e-06	0	0	0	0	3
164	336	0	1.16211943	293.199983	293.199983	293.199978	293.199987	9.92124421e-06	4.6204909e-06	0	0	0	0	3
165	338	0	1.16920552	293.199983	293.199983	293.199978	293.199987	9.92124421e-06	4.6204909e-06	0	0	0	0	3
166	340	0	1.17629162	293.199983	293.199984	293.199978	293.199987	9.92124421e-06	4.6204909e-06	0	0	0	0	3
167	342	0	1.18337771	293.199983	293.199984	293.199978	293.199987	9.92124421e-06	4.6204909e-06	0	0	0	0	3
168	344	0	1.19046381	293.199983	293.199984	293.199978	293.199987	9.92124421e-06	4.6204909e-06	0	0	0	0	3
169	346	0	1.1975499	293.199983	293.199984	293.199978	293.199987	9.92124421e-06	4.6204909e-06	0	0	0	0	3
170	348	0	1.20463599	293.199983	293.199984	293.199978	293.199987	9.92124421e-06	4.6204909e-06	0	0	0	0	3
171	350	0	1.21172209	293.199983	293.199984	293.199978	293.199987	9.76548944e-06	4.6204909e-06	0	0	0	0	3
172	352	0	1.21880818	293.199983	293.199984	293.199978	293.199987	9.52211849e-06	4.6204909e-06	0	0	0	0	3
173	354	0	1.22589428	293.199984	293.199984	293.199978	293.199987	9.10976826e-06	4.6204909e-06	0	0	0	0	3
174	356	0	1.23298037	293.199984	293.199984	293.199979	293.199987	8.73216624e-06	4.6204909e-06	0	0	0	0	3
175	358	0	1.24006646	293.199984	293.199984	293.199979	293.199987	8.31229266e-06	4.6204909e-06	0	0	0	0	3
176	363	0	1.24715256	293.199984	293.199984	293.199979	293.199987	7.96465895e-06	4.6204909e-06	0	0	0	0	3
177	369	0	1.25423865	293.199984	293.199984	293.19998	293.199987	7.54171646e-06	4.6204909e-06	0	0	0	0	3
178	374	0	1.26132475	293.199983	293.199984	293.19998	293.199987	7.2715016e-06	4.6204909e-06	0	0	0	0	3
179	381	0	1.26841084	293.199983	293.199984	293.199981	293.199987	6.87304652e-06	4.6204909e-06	0	0	0	0	3
180	388	0	1.27549693	293.199983	293.199984	293.199981	293.199987	6.65611725e-06	4.6204909e-06	0	0	0	0	3
181	394	0	1.28258303	293.199983	293.199984	293.199981	293.199987	6.3404691e-06	4.6204909e-06	0	0	0	0	3
182	400	0	1.28966912	293.199982	293.199985	293.199981	293.199987	5.96832791e-06	4.6204909e-06	0	0	0	0	3
183	407	0	1.29675522	293.199982	293.199985	293.199982	293.199987	5.63500544e-06	4.6204909e-06	0	0	0	0	3
184	414	0	1.30384131	293.199982	293.199985	293.199982	293.199987	5.62956433e-06	4.6204909e-06	0	0	0	0	3
185	421	0	1.31092741	293.199981	293.199985	293.199981	293.199987	6.01240913e-06	4.6204909e-06	0	0	0	0	3
186	427	0	1.3180135	293.199981	293.199984	293.199981	293.199987	6.50142101e-06	4.6204909e-06	0	0	0	0	3
187	433	0	1.32509959	293.199981	293.199984	293.199981	293.199987	6.88034157e-06	4.6204909e-06	0	0	0	0	3
188	439	0	1.33218569	293.19998	293.199984	293.19998	293.199987	7.33909678e-06	4.6204909e-06	0	0	0	0	3
189	445	0	1.33927178	293.19998	293.199984	293.19998	293.199987	7.36566221e-06	4.6204909e-06	0	0	0	0	3
190	451	0	1.34635788	293.199979	293.199984	293.199979	293.199987	6.88588642e-06	4.6204909e-06	0	0	0	0	3
191	458	0	1.35344397	293.199979	293.199984	293.199979	293.199987	6.39125216e-06	4.6204909e-06	0	0	0	0	3
192	465	0	1.36053006	293.199979	293.199984	293.199979	293.199987	5.89030384e-06	4.6204909e-06	0	0	0	0	3
193	472	0	1.36761616	293.199979	293.199984	293.199979	293.199987	5.38725817e-06	4.6204909e-06	0	0	0	0	3
194	478	0	1.37470225	293.199978	293.199984	293.199978	293.199987	4.88985262e-06	4.6204909e-06	0	0	0	0	3
195	485	0	1.38178835	293.199978	293.199984	293.199978	293.199987	4.40143026e-06	4.6204909e-06	0	0	0	0	3
196	491	0	1.38887444	293.199978	293.199984	293.199978	293.199987	3.92707057e-06	4.6204909e-06	0	0	0	0	3
197	497	0	1.39596053	293.199977	293.199984	293.199977	293.199987	3.47035035e-06	4.6204909e-06	0	0	0	0	3
198	504	0	1.40304663	293.199977	293.199984	293.199977	293.199987	3.03807337e-06	4.6204909e-06	0	0	0	0	3
199	509	0	1.41013272	293.199977	293.199983	293.199977	293.199987	2.63129101e-06	4.6204909e-06	0	0	0	0	3
200	516	0	1.41721882	293.199976	293.199983	293.199976	293.199987	2.25209698e-06	4.6204909e-06	0	0	0	0	3
201	529	0	1.42430491	293.199976	293.199983	293.199976	293.199987	1.89805979e-06	4.6204909e-06	0	0	0	0	3
202	536	0	1.431391	293.199976	293.199983	293.199976	293.199987	1.57105916e-06	4.6204909e-06	0	0	0	0	3
203	542	0	1.4384771	293.199976	293.199983	293.199976	293.199987	1.63955497e-06	4.6204909e-06	0	0	0	0	3
204	547	0	1.44556319	293.199975	293.199983	293.199975	293.199987	1.80205336e-06	4.6204909e-06	0	0	0	0	3
205	552	0	1.45264929	293.199975	293.199983	293.199975	293.199987	1.96864818e-06	4.6204909e-06	0	0	0	0	3
206	557	0	1.45973538	293.199975	293.199982	293.199975	293.199987	2.14401774e-06	4.6204909e-06	0	0	0	0	3
207	562	0	1.46682148	293.199974	293.199982	293.199974	293.199987	2.32599012e-06	4.6204909e-06	0	0	0	0	3
208	566	0	1.47390757	293.199974	293.199982	293.199974	293.199987	2.51449842e-06	4.6204909e-06	0	0	0	0	3
209	572	0	1.48099366	293.199974	293.199982	293.199974	293.199987	2.70579454e-06	4.6204909e-06	0	0	0	0	3
210	577	0	1.48807976	293.199974	293.199982	293.199974	293.199987	2.89979585e-06	4.6204909e-06	0	0	0	0	3
211	582	0	1.49516585	293.199973	293.199981	293.199973	293.199987	3.09385752e-06	4.6204909e-06	0	0	0	0	3
212	587	0	1.50225195	293.199973	293.199981	293.199973	293.199987	3.29060754e-06	4.6204909e-06	0	0	0	0	3
213	591	0	1.50933804	293.199973	293.199981	293.199973	293.199987	3.48274574e-06	4.6204909e-06	0	0	0	0	3
214	596	0	1.51642413	293.199973	293.199981	293.199973	293.199987	3.68303859e-06	4.6204909e-06	0	0	0	0	3
215	601	0	1.52351023	293.199973	293.199981	293.199973	293.199986	3.88167132e-06	4.6204909e-06	0	0	0	0	3
216	607	0	1.53059632	293.199972	293.19998	293.199972	293.199986	4.08350905e-06	4.6204909e-06	0	0	0	0	3
217	612	0	1.53768242	293.199972	293.19998	293.199972	293.199986	4.28418821e-06	4.6204909e-06	0	0	0	0	3
218	616	0	1.54476851	293.199972	293.19998	293.199972	293.199986	4.48511753e-06	4.6204909e-06	0	0	0	0	3
219	621	0	1.5518546	293.199972	293.19998	293.199972	293.199986	4.68162892e-06	4.6204909e-06	0	0	0	0	3
220	626	0	1.5589407	293.199972	293.19998	293.199972	293.199985	4.87482163e-06	4.6204909e-06	0	0	0	0	3
221	631	0	1.56602679	293.199972	293.199979	293.199972	293.199985	5.06366581e-06	4.6204909e-06	0	0	0	0	3
222	635	0	1.57311289	293.199972	293.199979	293.199972	293.199985	5.25195941e-06	4.6204909e-06	0	0	0	0	3
223	640	0	1.58019898	293.199972	293.199979	293.199972	293.199985	5.43884016e-06	4.6204909e-06	0	0	0	0	3
224	645	0	1.58728507	293.199972	293.199979	293.199972	293.199984	5.62259896e-06	4.6204909e-06	0	0	0	0	3
225	650	0	1.59437117	293.199972	293.199979	293.199972	293.199984	5.8001159e-06	4.6204909e-06	0	0	0	0	3
226	654	0	1.60145726	293.199972	293.199979	293.199972	293.199984	5.97333576e-06	4.6204909e-06	0	0	0	0	3
227	659	0	1.60854336	293.199972	293.199978	293.199972	293.199984	6.13937112e-06	4.6204909e-06	0	0	0	0	3
228	663	0	1.61562945	293.199972	293.199978	293.199972	293.199984	6.30311769e-06	4.6204909e-06	0	0	0	0	3
229	668	0	1.62271555	293.199972	293.199978	293.199972	293.199984	6.46555208e-06	4.6204909e-06	0	0	0	0	3
230	673	0	1.62980164	293.199972	293.199978	293.199972	293.199984	6.62904426e-06	4.6204909e-06	0	0	0	0	3
231	678	0	1.63688773	293.199971	293.199978	293.199971	293.199984	6.79265474e-06	4.6204909e-06	0	0	0	0	3
232	683	0	1.64397383	293.199971	293.199978	293.199971	293.199984	6.95863389e-06	4.6204909e-06	0	0	0	0	3
233	687	0	1.65105992	293.199971	293.199977	293.199971	293.199984	7.12222055e-06	4.6204909e-06	0	0	0	0	3
234	692	0	1.65814602	293.199971	293.199977	293.199971	293.199984	7.28615674e-06	4.6204909e-06	0	0	0	0	3
235	698	0	1.66523211	293.199972	293.199977	293.199971	293.199984	7.44612174e-06	4.6204909e-06	0	0	0	0	3
236	702	0	1.6723182	293.199972	293.199977	293.199971	293.199984	7.60604854e-06	4.6204909e-06	0	0	0	0	3
237	707	0	1.6794043	293.199972	293.199977	293.199971	293.199984	7.76315113e-06	4.6204909e-06	0	0	0	0	3
238	712	0	1.68649039	293.199972	293.199977	293.199971	293.199984	7.92143538e-06	4.6204909e-06	0	0	0	0	3
239	717	0	1.69357649	293.199972	293.199976	293.199971	293.199984	8.07771215e-06	4.6204909e-06	0	0	0	0	3
240	722	0	1.70066258	293.199972	293.199976	293.199971	293.199984	8.23578074e-06	4.6204909e-06	0	0	0	0	3
241	726	0	1.70774867	293.199972	293.199976	293.199971	293.199984	8.39365782e-06	4.6204909e-06	0	0	0	0	3
242	731	0	1.71483477	293.199972	293.199976	293.199971	293.199984	8.55244707e-06	4.6204909e-06	0	0	0	0	3
243	736	0	1.72192086	293.199972	293.199976	293.199971	293.199984	8.70958235e-06	4.6204909e-06	0	0	0	0	3
244	741	0	1.72900696	293.199972	293.199976	293.199971	293.199984	8.86999868e-06	4.6204909e-06	0	0	0	0	3
245	745	0	1.73609305	293.199972	293.199975	293.199971	293.199984	9.03071134e-06	4.6204909e-06	0	0	0	0	3
246	750	0	1.74317914	293.199972	293.199975	293.199971	293.199984	9.19332678e-06	4.6204909e-06	0	0	0	0	3
247	754	0	1.75026524	293.199972	293.199975	293.199971	293.199984	9.35427175e-06	4.6204909e-06	0	0	0	0	3
248	759	0	1.75735133	293.199972	293.199975	293.199971	293.199983	9.51378831e-06	4.6204909e-06	0	0	0	0	3
249	764	0	1.76443743	293.199972	293.199975	293.199971	293.199983	9.67154563e-06	4.6204909e-06	0	0	0	0	3
250	768	0	1.77152352	293.199972	293.199975	293.199971	293.199983	9.82930402e-06	4.6204909e-06	0	0	0	0	3
251	773	0	1.77860961	293.199972	293.199975	293.199971	293.199983	9.98453811e-06	4.6204909e-06	0	0	0	0	3
252	778	0	1.78569571	293.199972	293.199974	293.199971	293.199982	1.01374631e-05	4.6204909e-06	0	0	0	0	3
253	783	0	1.7927818	293.199972	293.199974	293.199971	293.199982	1.02864576e-05	4.6204909e-06	0	0	0	0	3
254	787	0	1.7998679	293.199972	293.199974	293.199971	293.199982	1.04316362e-05	4.6204909e-06	0	0	0	0	3
255	792	0	1.80695399	293.199972	293.199974	293.199971	293.199981	1.01314369e-05	4.6204909e-06	0	0	0	0	3
256	796	0	1.81404009	293.199972	293.199974	293.199971	293.199981	9.64242503e-06	4.6204909e-06	0	0	0	0	3
257	801	0	1.82112618	293.199972	293.199974	293.199971	293.199981	9.26350447e-06	4.6204909e-06	0	0	0	0	3
258	806	0	1.82821227	293.199972	293.199974	293.199971	293.19998	8.80474926e-06	4.6204909e-06	0	0	0	0	3
259	811	0	1.83529837	293.199971	293.199973	293.199971	293.19998	8.54774385e-06	4.6204909e-06	0	0	0	0	3
260	816	0	1.84238446	293.199971	293.199973	293.199971	293.199979	8.25050233e-06	4.6204909e-06	0	0	0	0	3
261	821	0	1.84947056	293.199971	293.199973	293.199971	293.199979	8.17504485e-06	4.6204909e-06	0	0	0	0	3
262	826	0	1.85655665	293.199971	293.199973	293.199971	293.199979	7.88378583e-06	4.6204909e-06	0	0	0	0	3
263	831	0	1.86364274	293.199971	293.199973	293.199971	293.199979	7.74769683e-06	4.6204909e-06	0	0	0	0	3
264	836	0	1.87072884	293.199971	293.199973	293.199971	293.199978	7.36374955e-06	4.6204909e-06	0	0	0	0	3
265	840	0	1.87781493	293.199971	293.199973	293.199971	293.199978	7.0087745e-06	4.6204909e-06	0	0	0	0	3
266	845	0	1.88490103	293.199971	293.199973	293.199971	293.199978	6.58051829e-06	4.6204909e-06	0	0	0	0	3
267	850	0	1.89198712	293.199971	293.199973	293.199971	293.199977	6.3284848e-06	4.6204909e-06	0	0	0	0	3
268	854	0	1.89907321	293.199971	293.199972	293.199971	293.199977	5.88911507e-06	4.6204909e-06	0	0	0	0	3
269	859	0	1.90615931	293.199971	293.199972	293.199971	293.199977	5.63610917e-06	4.6204909e-06	0	0	0	0	3
270	863	0	1.9132454	293.199971	293.199972	293.199971	293.199976	5.24151153e-06	4.6204909e-06	0	0	0	0	3
271	868	0	1.9203315	293.199971	293.199972	293.199971	293.199976	5.00626464e-06	4.6204909e-06	0	0	0	0	3
272	873	0	1.92741759	293.199971	293.199972	293.199971	293.199976	4.64696336e-06	4.6204909e-06	0	0	0	0	3
273	878	0	1.93450368	293.199971	293.199972	293.199971	293.199976	4.49648206e-06	4.6204909e-06	0	0	0	0	3
274	884	0	1.94158978	293.199971	293.199972	293.199971	293.199975	4.19825017e-06	4.6204909e-06	0	0	0	0	3
275	889	0	1.94867587	293.199971	293.199972	293.199971	293.199975	4.07865241e-06	4.6204909e-06	0	0	0	0	3
276	893	0	1.95576197	293.199971	293.199972	293.199971	293.199975	3.75536712e-06	4.6204909e-06	0	0	0	0	3
277	898	0	1.96284806	293.199971	293.199972	293.199971	293.199974	3.42493422e-06	4.6204909e-06	0	0	0	0	3
278	903	0	1.96993416	293.199971	293.199972	293.199971	293.199974	3.02571982e-06	4.6204909e-06	0	0	0	0	3
279	908	0	1.97702025	293.199971	293.199972	293.199971	293.199974	2.87246638e-06	4.6204909e-06	0	0	0	0	3
280	912	0	1.98410634	293.199971	293.199972	293.199971	293.199974	2.73423774e-06	4.6204909e-06	0	0	0	0	3
281	917	0	1.99119244	293.199971	293.199972	293.199971	293.199973	2.61917489e-06	4.6204909e-06	0	0	0	0	3
282	922	0	1.99827853	293.199971	293.199972	293.199971	293.199973	2.44881431e-06	4.6204909e-06	0	0	0	0	3
283	927	0	2.00536463	293.199971	293.199972	293.199971	293.199973	2.3343768e-06	4.6204909e-06	0	0	0	0	3
284	932	0	2.01245072	293.199971	293.199972	293.199971	293.199973	2.02618708e-06	4.6204909e-06	0	0	0	0	3
285	937	0	2.01953681	293.199971	293.199972	293.199971	293.199973	1.92817623e-06	4.6204909e-06	0	0	0	0	3
286	943	0	2.02662291	293.199971	293.199972	293.199971	293.199972	1.64749076e-06	4.6204909e-06	0	0	0	0	3
287	948	0	2.033709	293.199971	293.199972	293.199971	293.199972	1.64749076e-06	4.6204909e-06	0	0	0	0	3
288	953	0	2.0407951	293.199971	293.199972	293.199971	293.199972	1.64749076e-06	4.6204909e-06	0	0	0	0	3
289	958	0	2.04788119	293.199971	293.199972	293.199971	293.199972	1.64749076e-06	4.6204909e-06	0	0	0	0	3
290	963	0	2.05496728	293.199971	293.199972	293.199971	293.199972	1.64749076e-06	4.6204909e-06	0	0	0	0	3
291	968	0	2.06205338	293.199971	293.199971	293.199971	293.199972	1.64749076e-06	4.6204909e-06	0	0	0	0	3
292	972	0	2.06913947	293.199971	293.199971	293.199971	293.199972	1.64749076e-06	4.6204909e-06	0	0	0	0	3
293	977	0	2.07622557	293.199971	293.199971	293.199971	293.199972	1.64749076e-06	4.6204909e-06	0	0	0	0	3
294	982	0	2.08331166	293.199971	293.199971	293.199971	293.199972	1.64749076e-06	4.6204909e-06	0	0	0	0	3
295	987	0	2.09039775	293.199971	293.199971	293.199971	293.199972	1.64749076e-06	4.6204909e-06	0	0	0	0	3
296	992	0	2.09748385	293.199971	293.199971	293.199971	293.199972	1.64749076e-06	4.6204909e-06	0	0	0	0	3
297	997	0	2.10456994	293.199971	293.199971	293.199971	293.199972	1.64749076e-06	4.6204909e-06	0	0	0	0	3
298	1002	0	2.11165604	293.199971	293.199971	293.199971	293.199972	1.64749076e-06	4.6204909e-06	0	0	0	0	3
299	1007	0	2.11874213	293.199971	293.199971	293.199971	293.199972	1.64749076e-06	4.6204909e-06	0	0	0	0	3
300	1012	0	2.12582822	293.199971	293.199971	293.199971	293.199972	1.74629218e-06	4.6204909e-06	0	0	0	0	3
301	1024	0	2.13291432	293.199971	293.199971	293.199971	293.199972	1.74629218e-06	4.6204909e-06	0	0	0	0	3
302	1029	0	2.14000041	293.199971	293.199971	293.199971	293.199972	1.79156683e-06	4.6204909e-06	0	0	0	0	3
303	1034	0	2.14708651	293.19997	293.199971	293.19997	293.199972	1.93557463e-06	4.6204909e-06	0	0	0	0	3
304	1039	0	2.1541726	293.19997	293.199971	293.19997	293.199972	2.0550288e-06	4.6204909e-06	0	0	0	0	3
305	1044	0	2.1612587	293.19997	293.199971	293.19997	293.199972	2.10734379e-06	4.6204909e-06	0	0	0	0	3
306	1049	0	2.16834479	293.19997	293.199971	293.19997	293.199972	2.11741593e-06	4.6204909e-06	0	0	0	0	3
307	1054	0	2.17543088	293.19997	293.199971	293.19997	293.199972	2.11741593e-06	4.6204909e-06	0	0	0	0	3
308	1058	0	2.18251698	293.19997	293.199971	293.19997	293.199972	2.11741593e-06	4.6204909e-06	0	0	0	0	3
309	1063	0	2.18960307	293.199971	293.199971	293.19997	293.199972	2.11741593e-06	4.6204909e-06	0	0	0	0	3
310	1068	0	2.19668917	293.199971	293.199971	293.19997	293.199972	2.11741593e-06	4.6204909e-06	0	0	0	0	3
311	1073	0	2.20377526	293.199971	293.199971	293.19997	293.199972	2.11741593e-06	4.6204909e-06	0	0	0	0	3
312	1078	0	2.21086135	293.199971	293.199971	293.19997	293.199972	2.11741593e-06	4.6204909e-06	0	0	0	0	3
313	1083	0	2.21794745	293.199971	293.199971	293.19997	293.199972	2.11741593e-06	4.6204909e-06	0	0	0	0	3
314	1087	0	2.22503354	293.199971	293.199971	293.19997	293.199972	2.09074733e-06	4.6204909e-06	0	0	0	0	3
315	1092	0	2.23211964	293.199971	293.199971	293.19997	293.199972	2.09074733e-06	4.6204909e-06	0	0	0	0	3
316	1097	0	2.23920573	293.199971	293.199971	293.19997	293.199972	2.01211435e-06	4.6204909e-06	0	0	0	0	3
317	1102	0	2.24629182	293.199971	293.199971	293.19997	293.199972	2.01211435e-06	4.6204909e-06	0	0	0	0	3
318	1107	0	2.25337792	293.199971	293.199971	293.19997	293.199972	1.99901137e-06	4.6204909e-06	0	0	0	0	3
319	1111	0	2.26046401	293.199971	293.199971	293.19997	293.199972	1.99901137e-06	4.6204909e-06	0	0	0	0	3
320	1116	0	2.26755011	293.199971	293.199971	293.19997	293.199972	1.89692287e-06	4.6204909e-06	0	0	0	0	3
321	1121	0	2.2746362	293.199971	293.199971	293.19997	293.199972	1.84791571e-06	4.6204909e-06	0	0	0	0	3
322	1126	0	2.28172229	293.199971	293.199971	293.19997	293.199972	1.7286842e-06	4.6204909e-06	0	0	0	0	3
323	1131	0	2.28880839	293.199971	293.199971	293.19997	293.199972	1.70560969e-06	4.6204909e-06	0	0	0	0	3
324	1135	0	2.29589448	293.199971	293.199971	293.19997	293.199972	1.70560969e-06	4.6204909e-06	0	0	0	0	3
325	1141	0	2.30298058	293.199971	293.199971	293.19997	293.199972	1.70560969e-06	4.6204909e-06	0	0	0	0	3
326	1146	0	2.31006667	293.199971	293.199971	293.19997	293.199972	1.68965227e-06	4.6204909e-06	0	0	0	0	3
327	1151	0	2.31715277	293.199971	293.199971	293.19997	293.199972	1.5897283e-06	4.6204909e-06	0	0	0	0	3
328	1156	0	2.32423886	293.199971	293.199971	293.19997	293.199972	1.44069401e-06	4.6204909e-06	0	0	0	0	3
329	1162	0	2.33132495	293.199971	293.199971	293.19997	293.199971	1.21594195e-06	4.6204909e-06	0	0	0	0	3
330	1166	0	2.33841105	293.199971	293.199971	293.19997	293.199971	1.21594195e-06	4.6204909e-06	0	0	0	0	3
331	1172	0	2.34549714	293.199971	293.199971	293.19997	293.199971	1.21594195e-06	4.6204909e-06	0	0	0	0	3
332	1176	0	2.35258324	293.199971	293.199971	293.19997	293.199971	1.21594195e-06	4.6204909e-06	0	0	0	0	3
333	1181	0	2.35966933	293.199971	293.199971	293.19997	293.199971	1.21594195e-06	4.6204909e-06	0	0	0	0	3
334	1186	0	2.36675542	293.199971	293.199971	293.19997	293.199971	1.21594195e-06	4.6204909e-06	0	0	0	0	3
335	1192	0	2.37384152	293.199971	293.199971	293.19997	293.199971	1.21594195e-06	4.6204909e-06	0	0	0	0	3
336	1198	0	2.38092761	293.199971	293.199971	293.19997	293.199971	1.21594195e-06	4.6204909e-06	0	0	0	0	3
337	1203	0	2.38801371	293.199971	293.199971	293.19997	293.199971	1.21746376e-06	4.6204909e-06	0	0	0	0	3
338	1209	0	2.3950998	293.199971	293.199971	293.19997	293.199971	1.21746376e-06	4.6204909e-06	0	0	0	0	3
339	1214	0	2.40218589	293.199971	293.199971	293.19997	293.199971	1.21746376e-06	4.6204909e-06	0	0	0	0	3
340	1220	0	2.40927199	293.199971	293.199971	293.19997	293.199971	1.21746376e-06	4.6204909e-06	0	0	0	0	3
341	1224	0	2.41635808	293.199972	293.199971	293.19997	293.199972	1.29684821e-06	4.6204909e-06	0	0	0	0	3
342	1229	0	2.42344418	293.199972	293.199971	293.19997	293.199972	1.22984426e-06	4.6204909e-06	0	0	0	0	3
343	1234	0	2.43053027	293.199972	293.199971	293.19997	293.199972	1.16986098e-06	4.6204909e-06	0	0	0	0	3
344	1239	0	2.43761636	293.199972	293.199971	293.19997	293.199972	1.10953812e-06	4.6204909e-06	0	0	0	0	3
345	1244	0	2.44470246	293.199972	293.199971	293.19997	293.199972	1.05386857e-06	4.6204909e-06	0	0	0	0	3
346	1249	0	2.45178855	293.199972	293.199971	293.19997	293.199972	9.98781047e-07	4.6204909e-06	0	0	0	0	3
347	1254	0	2.45887465	293.199971	293.199971	293.19997	293.199972	9.48459103e-07	4.6204909e-06	0	0	0	0	3
348	1259	0	2.46596074	293.199971	293.199971	293.19997	293.199972	9.00885993e-07	4.6204909e-06	0	0	0	0	3
349	1264	0	2.47304683	293.199971	293.199971	293.19997	293.199972	8.58027079e-07	4.6204909e-06	0	0	0	0	3
350	1269	0	2.48013293	293.199971	293.199971	293.19997	293.199972	8.16095621e-07	4.6204909e-06	0	0	0	0	3
351	1273	0	2.48721902	293.199971	293.199971	293.19997	293.199972	7.77214495e-07	4.6204909e-06	0	0	0	0	3
352	1278	0	2.49430512	293.199971	293.199971	293.19997	293.199972	7.38346841e-07	4.6204909e-06	0	0	0	0	3
353	1283	0	2.50139121	293.19997	293.199971	293.19997	293.199972	7.04335662e-07	4.6204909e-06	0	0	0	0	3
354	1288	0	2.50847731	293.19997	293.199971	293.19997	293.199972	6.70482621e-07	4.6204909e-06	0	0	0	0	3
355	1293	0	2.5155634	293.19997	293.199971	293.19997	293.199972	6.42767077e-07	4.6204909e-06	0	0	0	0	3
356	1297	0	2.52264949	293.19997	293.199971	293.19997	293.199972	6.16926172e-07	4.6204909e-06	0	0	0	0	3
357	1302	0	2.52973559	293.19997	293.199971	293.19997	293.199972	5.99179316e-07	4.6204909e-06	0	0	0	0	3
358	1307	0	2.53682168	293.19997	293.199971	293.19997	293.199972	5.8259451e-07	4.6204909e-06	0	0	0	0	3
359	1312	0	2.54390778	293.19997	293.199971	293.19997	293.199972	5.75782337e-07	4.6204909e-06	0	0	0	0	3
360	1316	0	2.55099387	293.19997	293.199971	293.19997	293.199972	5.77419826e-07	4.6204909e-06	0	0	0	0	3
361	1321	0	2.55807996	293.19997	293.199971	293.19997	293.199972	5.80343055e-07	4.6204909e-06	0	0	0	0	3
362	1326	0	2.56516606	293.19997	293.199971	293.19997	293.199972	5.84205736e-07	4.6204909e-06	0	0	0	0	3
363	1331	0	2.57225215	293.19997	293.199971	293.19997	293.199972	5.90563957e-07	4.6204909e-06	0	0	0	0	3
364	1337	0	2.57933825	293.19997	293.199971	293.19997	293.199972	6.02003809e-07	4.6204909e-06	0	0	0	0	3
365	1341	0	2.58642434	293.19997	293.199971	293.19997	293.199972	6.15317219e-07	4.6204909e-06	0	0	0	0	3
366	1346	0	2.59351043	293.19997	293.199971	293.19997	293.199972	6.26954204e-07	4.6204909e-06	0	0	0	0	3
367	1351	0	2.60059653	293.19997	293.199971	293.19997	293.199972	6.33107959e-07	4.6204909e-06	0	0	0	0	3
368	1356	0	2.60768262	293.19997	293.199971	293.19997	293.199972	6.34915978e-07	4.6204909e-06	0	0	0	0	3
369	1361	0	2.61476872	293.19997	293.199971	293.19997	293.199972	6.33094999e-07	4.6204909e-06	0	0	0	0	3
370	1365	0	2.62185481	293.19997	293.199971	293.19997	293.199972	6.29587817e-07	4.6204909e-06	0	0	0	0	3
371	1370	0	2.6289409	293.19997	293.199971	293.19997	293.199972	6.26927203e-07	4.6204909e-06	0	0	0	0	3
372	1375	0	2.636027	293.19997	293.199971	293.19997	293.199972	6.24580878e-07	4.6204909e-06	0	0	0	0	3
373	1380	0	2.64311309	293.19997	293.199971	293.19997	293.199972	6.19640161e-07	4.6204909e-06	0	0	0	0	3
374	1386	0	2.65019919	293.19997	293.199971	293.19997	293.199972	6.10452105e-07	4.6204909e-06	0	0	0	0	3
375	1390	0	2.65728528	293.19997	293.199971	293.19997	293.199972	5.96063614e-07	4.6204909e-06	0	0	0	0	3
376	1395	0	2.66437138	293.19997	293.199971	293.19997	293.199972	5.78006336e-07	4.6204909e-06	0	0	0	0	3
377	1400	0	2.67145747	293.19997	293.199971	293.19997	293.199972	5.60343892e-07	4.6204909e-06	0	0	0	0	3
378	1405	0	2.67854356	293.19997	293.199971	293.19997	293.199972	5.43163139e-07	4.6204909e-06	0	0	0	0	3
379	1411	0	2.68562966	293.19997	293.199971	293.19997	293.199972	5.29426984e-07	4.6204909e-06	0	0	0	0	3
380	1415	0	2.69271575	293.19997	293.199971	293.19997	293.199972	5.18827676e-07	4.6204909e-06	0	0	0	0	3
381	1420	0	2.69980185	293.19997	293.199971	293.19997	293.199972	5.11722419e-07	4.6204909e-06	0	0	0	0	3
382	1425	0	2.70688794	293.19997	293.199971	293.19997	293.199972	5.04337379e-07	4.6204909e-06	0	0	0	0	3
383	1429	0	2.71397403	293.19997	293.199971	293.19997	293.199972	4.976431e-07	4.6204909e-06	0	0	0	0	3
384	1434	0	2.72106013	293.19997	293.199971	293.19997	293.199972	4.88992839e-07	4.6204909e-06	0	0	0	0	3
385	1439	0	2.72814622	293.19997	293.199971	293.19997	293.199972	4.81466941e-07	4.6204909e-06	0	0	0	0	3
386	1443	0	2.73523232	293.19997	293.199971	293.19997	293.199972	4.7379234e-07	4.6204909e-06	0	0	0	0	3
387	1448	0	2.74231841	293.19997	293.199971	293.19997	293.199972	4.67721463e-07	4.6204909e-06	0	0	0	0	3
388	1453	0	2.7494045	293.19997	293.199971	293.19997	293.199972	4.62743287e-07	4.6204909e-06	0	0	0	0	3
389	1458	0	2.7564906	293.19997	293.199971	293.19997	293.199972	4.59081889e-07	4.6204909e-06	0	0	0	0	3
390	1463	0	2.76357669	293.19997	293.199971	293.19997	293.199972	4.58461557e-07	4.6204909e-06	0	0	0	0	3
391	1468	0	2.77066279	293.19997	293.199971	293.19997	293.199972	4.62245225e-07	4.6204909e-06	0	0	0	0	3
392	1473	0	2.77774888	293.19997	293.199971	293.19997	293.199972	4.68517385e-07	4.6204909e-06	0	0	0	0	3
393	1479	0	2.78483497	293.19997	293.199971	293.19997	293.199972	4.77945377e-07	4.6204909e-06	0	0	0	0	3
394	1484	0	2.79192107	293.19997	293.199971	293.19997	293.199972	4.8693812e-07	4.6204909e-06	0	0	0	0	3
395	1489	0	2.79900716	293.19997	293.199971	293.19997	293.199972	4.99977091e-07	4.6204909e-06	0	0	0	0	3
396	1493	0	2.80609326	293.19997	293.19997	293.19997	293.199972	5.14134172e-07	4.6204909e-06	0	0	0	0	3
397	1498	0	2.81317935	293.19997	293.19997	293.19997	293.199972	5.24121049e-07	4.6204909e-06	0	0	0	0	3
398	1503	0	2.82026545	293.19997	293.19997	293.19997	293.199972	5.32344018e-07	4.6204909e-06	0	0	0	0	3
399	1508	0	2.82735154	293.19997	293.19997	293.19997	293.199972	5.3819258e-07	4.6204909e-06	0	0	0	0	3
400	1513	0	2.83443763	293.199971	293.19997	293.19997	293.199972	5.43277906e-07	4.6204909e-06	0	0	0	0	3
401	1525	0	2.84152373	293.199971	293.19997	293.19997	293.199972	5.46799242e-07	4.6204909e-06	0	0	0	0	3
402	1530	0	2.84860982	293.199971	293.19997	293.19997	293.199972	5.49465881e-07	4.6204909e-06	0	0	0	0	3
403	1535	0	2.85569592	293.199971	293.19997	293.19997	293.199972	5.52377287e-07	4.6204909e-06	0	0	0	0	3
404	1540	0	2.86278201	293.199971	293.19997	293.19997	293.199972	5.55267206e-07	4.6204909e-06	0	0	0	0	3
405	1545	0	2.8698681	293.199971	293.19997	293.19997	293.199972	5.55267206e-07	4.6204909e-06	0	0	0	0	3
406	1550	0	2.8769542	293.199972	293.19997	293.19997	293.199972	5.55267206e-07	4.6204909e-06	0	0	0	0	3
407	1555	0	2.88404029	293.199972	293.19997	293.19997	293.199972	5.55267206e-07	4.6204909e-06	0	0	0	0	3
408	1560	0	2.89112639	293.199972	293.19997	293.19997	293.199972	5.55267206e-07	4.6204909e-06	0	0	0	0	3
409	1564	0	2.89821248	293.199972	293.19997	293.19997	293.199972	5.55267206e-07	4.6204909e-06	0	0	0	0	3
410	1569	0	2.90529857	293.199972	293.199971	293.19997	293.199972	5.55267206e-07	4.6204909e-06	0	0	0	0	3
411	1574	0	2.91238467	293.199972	293.199971	293.19997	293.199972	5.55267206e-07	4.6204909e-06	0	0	0	0	3
412	1579	0	2.91947076	293.199972	293.199971	293.19997	293.199972	5.55267206e-07	4.6204909e-06	0	0	0	0	3
413	1584	0	2.92655686	293.199972	293.199971	293.19997	293.199972	5.55267206e-07	4.6204909e-06	0	0	0	0	3
414	1589	0	2.93364295	293.199972	293.199971	293.19997	293.199972	5.55267206e-07	4.6204909e-06	0	0	0	0	3
415	1593	0	2.94072904	293.199972	293.199971	293.19997	293.199972	5.55267206e-07	4.6204909e-06	0	0	0	0	3
416	1598	0	2.94781514	293.199972	293.199971	293.19997	293.199972	5.55267206e-07	4.6204909e-06	0	0	0	0	3
417	1602	0	2.95490123	293.199972	293.199971	293.19997	293.199972	5.55267206e-07	4.6204909e-06	0	0	0	0	3
418	1607	0	2.96198733	293.199972	293.199971	293.19997	293.199972	5.55267206e-07	4.6204909e-06	0	0	0	0	3
419	1612	0	2.96907342	293.199972	293.199971	293.19997	293.199972	5.55267206e-07	4.6204909e-06	0	0	0	0	3
420	1617	0	2.97615951	293.199972	293.199971	293.19997	293.199972	5.54599865e-07	4.6204909e-06	0	0	0	0	3
421	1622	0	2.98324561	293.199972	293.199971	293.19997	293.199972	5.54211965e-07	4.6204909e-06	0	0	0	0	3
422	1627	0	2.9903317	293.199972	293.199971	293.19997	293.199972	5.50405275e-07	4.6204909e-06	0	0	0	0	3
423	1631	0	2.9974178	293.199972	293.199971	293.19997	293.199972	5.46752062e-07	4.6204909e-06	0	0	0	0	3
424	1636	0	3.00450389	293.199972	293.199971	293.19997	293.199972	5.40408166e-07	4.6204909e-06	0	0	0	0	3
425	1641	0	3.01158999	293.199972	293.199971	293.19997	293.199972	5.33856792e-07	4.6204909e-06	0	0	0	0	3
426	1647	0	3.01867608	293.199972	293.199971	293.19997	293.199972	5.24533505e-07	4.6204909e-06	0	0	0	0	3
427	1652	0	3.02576217	293.199972	293.199971	293.19997	293.199972	5.14303338e-07	4.6204909e-06	0	0	0	0	3
428	1657	0	3.03284827	293.199972	293.199971	293.19997	293.199972	5.00437579e-07	4.6204909e-06	0	0	0	0	3
429	1662	0	3.03993436	293.199972	293.199971	293.19997	293.199972	4.86149929e-07	4.6204909e-06	0	0	0	0	3
430	1667	0	3.04702046	293.199972	293.199971	293.19997	293.199972	4.70315854e-07	4.6204909e-06	0	0	0	0	3
431	1671	0	3.05410655	293.199972	293.199971	293.19997	293.199972	4.55765473e-07	4.6204909e-06	0	0	0	0	3
432	1677	0	3.06119264	293.199972	293.199971	293.19997	293.199972	4.42366058e-07	4.6204909e-06	0	0	0	0	3
433	1682	0	3.06827874	293.199972	293.199971	293.19997	293.199972	4.73357773e-07	4.6204909e-06	0	0	0	0	3
434	1687	0	3.07536483	293.199972	293.199971	293.19997	293.199972	5.00657734e-07	4.6204909e-06	0	0	0	0	3
435	1692	0	3.08245093	293.199972	293.199971	293.19997	293.199972	5.27396878e-07	4.6204909e-06	0	0	0	0	3
436	1696	0	3.08953702	293.199972	293.199971	293.19997	293.199972	5.50428013e-07	4.6204909e-06	0	0	0	0	3
437	1701	0	3.09662311	293.199972	293.199971	293.19997	293.199972	5.75568777e-07	4.6204909e-06	0	0	0	0	3
438	1707	0	3.10370921	293.199972	293.199971	293.19997	293.199972	5.97372946e-07	4.6204909e-06	0	0	0	0	3
439	1712	0	3.1107953	293.199972	293.199971	293.19997	293.199972	6.2119824e-07	4.6204909e-06	0	0	0	0	3
440	1716	0	3.1178814	293.199971	293.199971	293.19997	293.199972	6.43611315e-07	4.6204909e-06	0	0	0	0	3
441	1721	0	3.12496749	293.199971	293.199971	293.19997	293.199972	6.65951461e-07	4.6204909e-06	0	0	0	0	3
442	1726	0	3.13205358	293.199971	293.199971	293.19997	293.199972	6.86499277e-07	4.6204909e-06	0	0	0	0	3
443	1730	0	3.13913968	293.199971	293.199971	293.19997	293.199972	7.04487775e-07	4.6204909e-06	0	0	0	0	3
444	1736	0	3.14622577	293.199971	293.199971	293.19997	293.199972	7.19271952e-07	4.6204909e-06	0	0	0	0	3
445	1741	0	3.15331187	293.199971	293.199971	293.19997	293.199972	7.33831143e-07	4.6204909e-06	0	0	0	0	3
446	1745	0	3.16039796	293.199971	293.199971	293.19997	293.199972	7.44066142e-07	4.6204909e-06	0	0	0	0	3
447	1751	0	3.16748406	293.199971	293.199971	293.19997	293.199972	7.5454949e-07	4.6204909e-06	0	0	0	0	3
448	1756	0	3.17457015	293.199971	293.199971	293.19997	293.199972	7.62806906e-07	4.6204909e-06	0	0	0	0	3
449	1761	0	3.18165624	293.199971	293.199971	293.19997	293.199972	7.70835868e-07	4.6204909e-06	0	0	0	0	3
450	1766	0	3.18874234	293.19997	293.199971	293.19997	293.199972	7.75714398e-07	4.6204909e-06	0	0	0	0	3
451	1770	0	3.19582843	293.19997	293.199971	293.19997	293.199972	7.80527387e-07	4.6204909e-06	0	0	0	0	3
452	1775	0	3.20291453	293.19997	293.199971	293.19997	293.199972	7.83491203e-07	4.6204909e-06	0	0	0	0	3
453	1779	0	3.21000062	293.19997	293.199971	293.19997	293.199972	7.87293061e-07	4.6204909e-06	0	0	0	0	3
454	1784	0	3.21708671	293.19997	293.199971	293.19997	293.199972	7.88122122e-07	4.6204909e-06	0	0	0	0	3
455	1788	0	3.22417281	293.19997	293.199971	293.19997	293.199972	7.88122122e-07	4.6204909e-06	0	0	0	0	3
456	1794	0	3.2312589	293.19997	293.199971	293.19997	293.199972	7.88122122e-07	4.6204909e-06	0	0	0	0	3
457	1798	0	3.238345	293.19997	293.199971	293.19997	293.199972	7.88122122e-07	4.6204909e-06	0	0	0	0	3
458	1804	0	3.24543109	293.19997	293.199971	293.19997	293.199972	7.88122122e-07	4.6204909e-06	0	0	0	0	3
459	1809	0	3.25251718	293.19997	293.199971	293.19997	293.199972	7.88122122e-07	4.6204909e-06	0	0	0	0	3
460	1814	0	3.25960328	293.19997	293.199971	293.19997	293.199972	7.88122122e-07	4.6204909e-06	0	0	0	0	3
461	1818	0	3.26668937	293.199969	293.199971	293.199969	293.199972	7.88122122e-07	4.6204909e-06	0	0	0	0	3
462	1823	0	3.27377547	293.199969	293.199971	293.199969	293.199972	7.88122122e-07	4.6204909e-06	0	0	0	0	3
463	1827	0	3.28086156	293.199969	293.199971	293.199969	293.199972	7.88122122e-07	4.6204909e-06	0	0	0	0	3
464	1833	0	3.28794765	293.199969	293.199971	293.199969	293.199972	7.88122122e-07	4.6204909e-06	0	0	0	0	3
465	1837	0	3.29503375	293.199969	293.199971	293.199969	293.199972	7.88122122e-07	4.6204909e-06	0	0	0	0	3
466	1842	0	3.30211984	293.199969	293.199971	293.199969	293.199972	7.88122122e-07	4.6204909e-06	0	0	0	0	3
467	1848	0	3.30920594	293.199969	293.199971	293.199969	293.199972	7.88122122e-07	4.6204909e-06	0	0	0	0	3
468	1853	0	3.31629203	293.199969	293.199971	293.199969	293.199972	7.88122122e-07	4.6204909e-06	0	0	0	0	3
469	1858	0	3.32337812	293.199969	293.199971	293.199969	293.199972	7.88122122e-07	4.6204909e-06	0	0	0	0	3
470	1862	0	3.33046422	293.199969	293.199971	293.199969	293.199972	7.88122122e-07	4.6204909e-06	0	0	0	0	3
471	1868	0	3.33755031	293.199969	293.199971	293.199969	293.199972	7.88122122e-07	4.6204909e-06	0	0	0	0	3
472	1873	0	3.34463641	293.199969	293.199971	293.199969	293.199972	7.88122122e-07	4.6204909e-06	0	0	0	0	3
473	1878	0	3.3517225	293.199969	293.199971	293.199969	293.199972	7.88122122e-07	4.6204909e-06	0	0	0	0	3
474	1883	0	3.3588086	293.19997	293.199971	293.199969	293.199972	7.88122122e-07	4.6204909e-06	0	0	0	0	3
475	1888	0	3.36589469	293.19997	293.199971	293.199969	293.199972	7.86911983e-07	4.6204909e-06	0	0	0	0	3
476	1892	0	3.37298078	293.19997	293.199971	293.199969	293.199972	7.83193229e-07	4.6204909e-06	0	0	0	0	3
477	1897	0	3.38006688	293.19997	293.199971	293.199969	293.199972	7.75529088e-07	4.6204909e-06	0	0	0	0	3
478	1902	0	3.38715297	293.19997	293.199971	293.199969	293.199972	7.65782659e-07	4.6204909e-06	0	0	0	0	3
479	1907	0	3.39423907	293.19997	293.199971	293.199969	293.199972	7.5119965e-07	4.6204909e-06	0	0	0	0	3
480	1912	0	3.40132516	293.19997	293.199971	293.199969	293.199972	7.37988671e-07	4.6204909e-06	0	0	0	0	3
481	1917	0	3.40841125	293.19997	293.199971	293.199969	293.199972	7.25039058e-07	4.6204909e-06	0	0	0	0	3
482	1921	0	3.41549735	293.19997	293.199971	293.199969	293.199972	7.16063482e-07	4.6204909e-06	0	0	0	0	3
483	1926	0	3.42258344	293.19997	293.199971	293.199969	293.199972	7.10167569e-07	4.6204909e-06	0	0	0	0	3
484	1930	0	3.42966954	293.19997	293.199971	293.199969	293.199972	7.06653395e-07	4.6204909e-06	0	0	0	0	3
485	1935	0	3.43675563	293.199971	293.199971	293.199969	293.199972	7.03054354e-07	4.6204909e-06	0	0	0	0	3
486	1940	0	3.44384172	293.19997	293.199971	293.199969	293.199972	7.00573366e-07	4.6204909e-06	0	0	0	0	3
487	1945	0	3.45092782	293.199971	293.199971	293.199969	293.199972	6.94723042e-07	4.6204909e-06	0	0	0	0	3
488	1950	0	3.45801391	293.199971	293.199971	293.199969	293.199972	6.88472994e-07	4.6204909e-06	0	0	0	0	3
489	1955	0	3.46510001	293.199971	293.199971	293.199969	293.199972	6.77465891e-07	4.6204909e-06	0	0	0	0	3
490	1959	0	3.4721861	293.199971	293.199971	293.199969	293.199972	6.65099265e-07	4.6204909e-06	0	0	0	0	3
491	1965	0	3.47927219	293.199971	293.199971	293.199969	293.199972	6.49589992e-07	4.6204909e-06	0	0	0	0	3
492	1969	0	3.48635829	293.199971	293.199971	293.199969	293.199972	6.33818217e-07	4.6204909e-06	0	0	0	0	3
493	1974	0	3.49344438	293.199971	293.199971	293.199969	293.199972	6.48681294e-07	4.6204909e-06	0	0	0	0	3
494	1978	0	3.50053048	293.199971	293.199971	293.199969	293.199972	6.64976426e-07	4.6204909e-06	0	0	0	0	3
495	1984	0	3.50761657	293.199971	293.199971	293.199969	293.199972	6.80027711e-07	4.6204909e-06	0	0	0	0	3
496	1989	0	3.51470267	293.199971	293.199971	293.199969	293.199972	6.95219228e-07	4.6204909e-06	0	0	0	0	3
497	1994	0	3.52178876	293.199971	293.199971	293.199969	293.199972	7.0677919e-07	4.6204909e-06	0	0	0	0	3
498	1999	0	3.52887485	293.199971	293.199971	293.199969	293.199972	7.21291599e-07	4.6204909e-06	0	0	0	0	3
499	2005	0	3.53596095	293.199971	293.199971	293.199969	293.199972	7.3243632e-07	4.6204909e-06	0	0	0	0	3
500	2010	0	3.54304704	293.199971	293.19997	293.199969	293.199972	7.45249793e-07	4.6204909e-06	0	0	0	0	3
501	2022	0	3.55013314	293.199971	293.19997	293.199969	293.199972	7.54951884e-07	4.6204909e-06	0	0	0	0	3
502	2027	0	3.55721923	293.199971	293.19997	293.199969	293.199972	7.65648053e-07	4.6204909e-06	0	0	0	0	3
503	2032	0	3.56430532	293.199972	293.19997	293.199969	293.199972	7.73383363e-07	4.6204909e-06	0	0	0	0	3
504	2037	0	3.57139142	293.199972	293.19997	293.199969	293.199972	7.82391623e-07	4.6204909e-06	0	0	0	0	3
505	2042	0	3.57847751	293.199972	293.19997	293.199969	293.199972	7.88637749e-07	4.6204909e-06	0	0	0	0	3
506	2046	0	3.58556361	293.199971	293.19997	293.199969	293.199972	7.95130347e-07	4.6204909e-06	0	0	0	0	3
507	2052	0	3.5926497	293.199971	293.19997	293.199969	293.199972	7.99539464e-07	4.6204909e-06	0	0	0	0	3
508	2057	0	3.59973579	293.199971	293.19997	293.199969	293.199972	8.0643639e-07	4.6204909e-06	0	0	0	0	3
509	2062	0	3.60682189	293.199971	293.19997	293.199969	293.199972	8.11502787e-07	4.6204909e-06	0	0	0	0	3
510	2067	0	3.61390798	293.199971	293.19997	293.199969	293.199972	8.18616002e-07	4.6204909e-06	0	0	0	0	3
511	2072	0	3.62099408	293.199971	293.19997	293.199969	293.199972	8.27343342e-07	4.6204909e-06	0	0	0	0	3
512	2078	0	3.62808017	293.199971	293.19997	293.199969	293.199972	8.38824064e-07	4.6204909e-06	0	0	0	0	3
513	2083	0	3.63516626	293.19997	293.19997	293.199969	293.199972	8.50889705e-07	4.6204909e-06	0	0	0	0	3
514	2088	0	3.64225236	293.19997	293.19997	293.199969	293.199972	8.61987644e-07	4.6204909e-06	0	0	0	0	3
515	2093	0	3.64933845	293.19997	293.19997	293.199969	293.199972	8.6930595e-07	4.6204909e-06	0	0	0	0	3
516	2098	0	3.65642455	293.199971	293.19997	293.199969	293.199972	8.76012905e-07	4.6204909e-06	0	0	0	0	3
517	2103	0	3.66351064	293.199971	293.19997	293.199969	293.199972	8.79036975e-07	4.6204909e-06	0	0	0	0	3
518	2108	0	3.67059673	293.199971	293.19997	293.199969	293.199972	8.81943322e-07	4.6204909e-06	0	0	0	0	3
519	2113	0	3.67768283	293.19997	293.19997	293.199969	293.199972	8.84320002e-07	4.6204909e-06	0	0	0	0	3
520	2117	0	3.68476892	293.19997	293.19997	293.199969	293.199972	8.89058811e-07	4.6204909e-06	0	0	0	0	3
521	2123	0	3.69185502	293.19997	293.19997	293.199969	293.199972	8.91769901e-07	4.6204909e-06	0	0	0	0	3
522	2128	0	3.69894111	293.19997	293.19997	293.199969	293.199972	8.95993708e-07	4.6204909e-06	0	0	0	0	3
523	2133	0	3.70602721	293.19997	293.19997	293.199969	293.199972	8.95993708e-07	4.6204909e-06	0	0	0	0	3
524	2138	0	3.7131133	293.19997	293.19997	293.199969	293.199972	8.95993708e-07	4.6204909e-06	0	0	0	0	3
525	2143	0	3.72019939	293.199971	293.19997	293.199969	293.199972	8.95078415e-07	4.6204909e-06	0	0	0	0	3
526	2147	0	3.72728549	293.199971	293.19997	293.199969	293.199972	8.91537638e-07	4.6204909e-06	0	0	0	0	3
527	2152	0	3.73437158	293.199971	293.19997	293.199969	293.199972	8.85681573e-07	4.6204909e-06	0	0	0	0	3
528	2156	0	3.74145768	293.199971	293.19997	293.199969	293.199972	8.77210823e-07	4.6204909e-06	0	0	0	0	3
529	2161	0	3.74854377	293.199971	293.19997	293.199969	293.199972	8.69409917e-07	4.6204909e-06	0	0	0	0	3
530	2166	0	3.75562986	293.199971	293.19997	293.199969	293.199972	8.60815192e-07	4.6204909e-06	0	0	0	0	3
531	2171	0	3.76271596	293.199971	293.19997	293.199969	293.199972	8.53197434e-07	4.6204909e-06	0	0	0	0	3
532	2176	0	3.76980205	293.199971	293.19997	293.199969	293.199972	8.42792815e-07	4.6204909e-06	0	0	0	0	3
533	2181	0	3.77688815	293.199971	293.19997	293.199969	293.199972	8.32730734e-07	4.6204909e-06	0	0	0	0	3
534	2186	0	3.78397424	293.199971	293.199971	293.199969	293.199972	8.21874892e-07	4.6204909e-06	0	0	0	0	3
535	2191	0	3.79106033	293.199971	293.199971	293.199969	293.199972	8.09110418e-07	4.6204909e-06	0	0	0	0	3
536	2196	0	3.79814643	293.199971	293.199971	293.199969	293.199972	7.94197263e-07	4.6204909e-06	0	0	0	0	3
537	2201	0	3.80523252	293.199971	293.199971	293.199969	293.199972	7.80054904e-07	4.6204909e-06	0	0	0	0	3
538	2206	0	3.81231862	293.199971	293.199971	293.199969	293.199972	7.63122557e-07	4.6204909e-06	0	0	0	0	3
539	2211	0	3.81940471	293.199971	293.199971	293.199969	293.199972	7.45914576e-07	4.6204909e-06	0	0	0	0	3
540	2216	0	3.8264908	293.199971	293.199971	293.199969	293.199972	7.28492296e-07	4.6204909e-06	0	0	0	0	3
541	2221	0	3.8335769	293.199971	293.199971	293.199969	293.199972	7.11753898e-07	4.6204909e-06	0	0	0	0	3
542	2225	0	3.84066299	293.199972	293.199971	293.199969	293.199972	6.93324637e-07	4.6204909e-06	0	0	0	0	3
543	2230	0	3.84774909	293.199972	293.199971	293.199969	293.199972	6.74371449e-07	4.6204909e-06	0	0	0	0	3
544	2236	0	3.85483518	293.199972	293.199971	293.19997	293.199972	6.54760697e-07	4.6204909e-06	0	0	0	0	3
545	2241	0	3.86192128	293.199972	293.199971	293.19997	293.199972	6.3599299e-07	4.6204909e-06	0	0	0	0	3
546	2246	0	3.86900737	293.199972	293.199971	293.19997	293.199972	6.16415889e-07	4.6204909e-06	0	0	0	0	3
547	2251	0	3.87609346	293.199972	293.199971	293.19997	293.199972	5.95004678e-07	4.6204909e-06	0	0	0	0	3
548	2256	0	3.88317956	293.199972	293.199971	293.19997	293.199972	5.82859457e-07	4.6204909e-06	0	0	0	0	3
549	2260	0	3.89026565	293.199972	293.199971	293.19997	293.199972	6.04641684e-07	4.6204909e-06	0	0	0	0	3
550	2265	0	3.89735175	293.199972	293.199971	293.19997	293.199972	6.23919277e-07	4.6204909e-06	0	0	0	0	3
551	2270	0	3.90443784	293.199972	293.199971	293.19997	293.199972	6.44826002e-07	4.6204909e-06	0	0	0	0	3
552	2275	0	3.91152393	293.199972	293.199971	293.19997	293.199972	6.65018888e-07	4.6204909e-06	0	0	0	0	3
553	2280	0	3.91861003	293.199972	293.199971	293.19997	293.199972	6.88952014e-07	4.6204909e-06	0	0	0	0	3
554	2285	0	3.92569612	293.199972	293.199971	293.19997	293.199972	7.11389987e-07	4.6204909e-06	0	0	0	0	3
555	2289	0	3.93278222	293.199972	293.199971	293.19997	293.199972	7.33311538e-07	4.6204909e-06	0	0	0	0	3
556	2295	0	3.93986831	293.199972	293.199971	293.19997	293.199972	7.51493019e-07	4.6204909e-06	0	0	0	0	3
557	2299	0	3.9469544	293.199972	293.199971	293.19997	293.199972	7.71585462e-07	4.6204909e-06	0	0	0	0	3
558	2304	0	3.9540405	293.199972	293.199971	293.19997	293.199972	7.88402758e-07	4.6204909e-06	0	0	0	0	3
559	2309	0	3.96112659	293.199972	293.199971	293.19997	293.199972	8.05064758e-07	4.6204909e-06	0	0	0	0	3
560	2314	0	3.96821269	293.199972	293.199971	293.19997	293.199972	8.18408523e-07	4.6204909e-06	0	0	0	0	3
561	2319	0	3.97529878	293.199972	293.199971	293.19997	293.199972	8.30718932e-07	4.6204909e-06	0	0	0	0	3
562	2324	0	3.98238487	293.199972	293.199971	293.19997	293.199972	8.40816938e-07	4.6204909e-06	0	0	0	0	3
563	2328	0	3.98947097	293.199972	293.199971	293.19997	293.199972	8.5055575e-07	4.6204909e-06	0	0	0	0	3
564	2333	0	3.99655706	293.199972	293.199971	293.19997	293.199972	8.59913598e-07	4.6204909e-06	0	0	0	0	3
565	2337	0	4.00364316	293.199972	293.199971	293.19997	293.199972	8.70304348e-07	4.6204909e-06	0	0	0	0	3
566	2342	0	4.01072925	293.199972	293.199971	293.19997	293.199972	8.7835366e-07	4.6204909e-06	0	0	0	0	3
567	2347	0	4.01781535	293.199972	293.199971	293.19997	293.199972	8.84267081e-07	4.6204909e-06	0	0	0	0	3
568	2352	0	4.02490144	293.199971	293.199971	293.19997	293.199972	8.86553607e-07	4.6204909e-06	0	0	0	0	3
569	2357	0	4.03198753	293.199971	293.199971	293.19997	293.199972	8.8978544e-07	4.6204909e-06	0	0	0	0	3
570	2361	0	4.03907363	293.199971	293.199971	293.19997	293.199972	8.90948002e-07	4.6204909e-06	0	0	0	0	3
571	2366	0	4.04615972	293.199971	293.199971	293.19997	293.199972	8.93046661e-07	4.6204909e-06	0	0	0	0	3
572	2371	0	4.05324582	293.199971	293.199971	293.19997	293.199972	8.93109757e-07	4.6204909e-06	0	0	0	0	3
573	2376	0	4.06033191	293.199972	293.199971	293.19997	293.199972	8.95063636e-07	4.6204909e-06	0	0	0	0	3
574	2381	0	4.067418	293.199972	293.199971	293.19997	293.199972	8.9744259e-07	4.6204909e-06	0	0	0	0	3
575	2386	0	4.0745041	293.199972	293.199971	293.19997	293.199972	9.02004672e-07	4.6204909e-06	0	0	0	0	3
576	2390	0	4.08159019	293.199972	293.199971	293.19997	293.199972	9.07340279e-07	4.6204909e-06	0	0	0	0	3
577	2395	0	4.08867629	293.199972	293.199971	293.19997	293.199972	9.14713269e-07	4.6204909e-06	0	0	0	0	3
578	2400	0	4.09576238	293.199972	293.199971	293.19997	293.199972	9.22390711e-07	4.6204909e-06	0	0	0	0	3
579	2404	0	4.10284847	293.199972	293.199971	293.19997	293.199972	9.3121804e-07	4.6204909e-06	0	0	0	0	3
580	2409	0	4.10993457	293.199972	293.199971	293.19997	293.199972	9.39196696e-07	4.6204909e-06	0	0	0	0	3
581	2415	0	4.11702066	293.199972	293.199971	293.19997	293.199972	9.46435478e-07	4.6204909e-06	0	0	0	0	3
582	2420	0	4.12410676	293.199971	293.199971	293.19997	293.199972	9.54353595e-07	4.6204909e-06	0	0	0	0	3
583	2425	0	4.13119285	293.199971	293.199971	293.19997	293.199972	9.65465688e-07	4.6204909e-06	0	0	0	0	3
584	2430	0	4.13827894	293.199971	293.199971	293.19997	293.199972	9.76912133e-07	4.6204909e-06	0	0	0	0	3
585	2436	0	4.14536504	293.199971	293.199971	293.19997	293.199972	9.9042569e-07	4.6204909e-06	0	0	0	0	3
586	2441	0	4.15245113	293.199971	293.199971	293.19997	293.199972	9.99535985e-07	4.6204909e-06	0	0	0	0	3
587	2446	0	4.15953723	293.199971	293.199971	293.19997	293.199972	1.00933573e-06	4.6204909e-06	0	0	0	0	3
588	2451	0	4.16662332	293.199971	293.199971	293.19997	293.199972	1.01535153e-06	4.6204909e-06	0	0	0	0	3
589	2457	0	4.17370941	293.199971	293.199971	293.19997	293.199972	1.02269934e-06	4.6204909e-06	0	0	0	0	3
590	2462	0	4.18079551	293.199971	293.199971	293.19997	293.199972	1.0298931e-06	4.6204909e-06	0	0	0	0	3
591	2467	0	4.1878816	293.199971	293.199971	293.19997	293.199972	1.04195692e-06	4.6204909e-06	0	0	0	0	3
592	2471	0	4.1949677	293.199971	293.199971	293.19997	293.199972	1.0506692e-06	4.6204909e-06	0	0	0	0	3
593	2476	0	4.20205379	293.199971	293.199971	293.19997	293.199972	1.05847124e-06	4.6204909e-06	0	0	0	0	3
594	2481	0	4.20913989	293.19997	293.199971	293.19997	293.199972	1.05874005e-06	4.6204909e-06	0	0	0	0	3
595	2486	0	4.21622598	293.19997	293.199971	293.19997	293.199972	1.05350193e-06	4.6204909e-06	0	0	0	0	3
596	2492	0	4.22331207	293.19997	293.199971	293.19997	293.199972	1.04441239e-06	4.6204909e-06	0	0	0	0	3
597	2497	0	4.23039817	293.19997	293.199971	293.19997	293.199972	1.03096761e-06	4.6204909e-06	0	0	0	0	3
598	2501	0	4.23748426	293.19997	293.199971	293.19997	293.199972	1.01604445e-06	4.6204909e-06	0	0	0	0	3
599	2506	0	4.24457036	293.19997	293.199971	293.19997	293.199972	9.98665598e-07	4.6204909e-06	0	0	0	0	3
600	2511	0	4.25165645	293.19997	293.199971	293.19997	293.199972	9.81107689e-07	4.6204909e-06	0	0	0	0	3
601	2523	0	4.25874254	293.19997	293.199971	293.19997	293.199972	9.61208173e-07	4.6204909e-06	0	0	0	0	3
602	2528	0	4.26582864	293.19997	293.199971	293.19997	293.199972	9.40176676e-07	4.6204909e-06	0	0	0	0	3
603	2534	0	4.27291473	293.19997	293.199971	293.19997	293.199972	9.13734709e-07	4.6204909e-06	0	0	0	0	3
604	2539	0	4.28000083	293.19997	293.199971	293.19997	293.199972	8.88022896e-07	4.6204909e-06	0	0	0	0	3
605	2544	0	4.28708692	293.19997	293.199971	293.19997	293.199972	8.59454417e-07	4.6204909e-06	0	0	0	0	3
606	2549	0	4.29417301	293.19997	293.199971	293.19997	293.199972	8.30857687e-07	4.6204909e-06	0	0	0	0	3
607	2554	0	4.30125911	293.19997	293.199971	293.19997	293.199972	8.01753629e-07	4.6204909e-06	0	0	0	0	3
608	2559	0	4.3083452	293.19997	293.199971	293.19997	293.199972	7.73244551e-07	4.6204909e-06	0	0	0	0	3
609	2564	0	4.3154313	293.19997	293.199971	293.19997	293.199972	7.44111389e-07	4.6204909e-06	0	0	0	0	3
610	2570	0	4.32251739	293.19997	293.199971	293.19997	293.199972	7.14676389e-07	4.6204909e-06	0	0	0	0	3
611	2575	0	4.32960348	293.19997	293.199971	293.19997	293.199972	6.84093663e-07	4.6204909e-06	0	0	0	0	3
612	2580	0	4.33668958	293.19997	293.199971	293.19997	293.199972	6.52578308e-07	4.6204909e-06	0	0	0	0	3
613	2585	0	4.34377567	293.19997	293.199971	293.19997	293.199972	6.19717525e-07	4.6204909e-06	0	0	0	0	3
614	2590	0	4.35086177	293.19997	293.199971	293.19997	293.199972	5.87093211e-07	4.6204909e-06	0	0	0	0	3
615	2595	0	4.35794786	293.19997	293.199971	293.19997	293.199972	5.54610608e-07	4.6204909e-06	0	0	0	0	3
616	2600	0	4.36503396	293.19997	293.199971	293.19997	293.199972	5.25675091e-07	4.6204909e-06	0	0	0	0	3
617	2605	0	4.37212005	293.19997	293.199971	293.19997	293.199972	4.99847033e-07	4.6204909e-06	0	0	0	0	3
618	2609	0	4.37920614	293.19997	293.199971	293.19997	293.199972	4.78310653e-07	4.6204909e-06	0	0	0	0	3
619	2614	0	4.38629224	293.19997	293.199971	293.19997	293.199972	4.56528426e-07	4.6204909e-06	0	0	0	0	3
620	2619	0	4.39337833	293.19997	293.199971	293.19997	293.199972	4.37250833e-07	4.6204909e-06	0	0	0	0	3
621	2624	0	4.40046443	293.19997	293.199971	293.19997	293.199972	4.25505334e-07	4.6204909e-06	0	0	0	0	3
622	2628	0	4.40755052	293.19997	293.199971	293.19997	293.199972	4.47753848e-07	4.6204909e-06	0	0	0	0	3
623	2633	0	4.41463661	293.19997	293.199971	293.19997	293.199972	4.71301973e-07	4.6204909e-06	0	0	0	0	3
624	2637	0	4.42172271	293.19997	293.199971	293.19997	293.199972	4.98400141e-07	4.6204909e-06	0	0	0	0	3
625	2642	0	4.4288088	293.19997	293.199971	293.19997	293.199972	5.25358701e-07	4.6204909e-06	0	0	0	0	3
626	2648	0	4.4358949	293.19997	293.199971	293.19997	293.199972	5.52601932e-07	4.6204909e-06	0	0	0	0	3
627	2653	0	4.44298099	293.19997	293.199971	293.19997	293.199972	5.76505045e-07	4.6204909e-06	0	0	0	0	3
628	2658	0	4.45006708	293.19997	293.199971	293.19997	293.199972	6.00713634e-07	4.6204909e-06	0	0	0	0	3
629	2663	0	4.45715318	293.19997	293.199971	293.19997	293.199972	6.23436563e-07	4.6204909e-06	0	0	0	0	3
630	2668	0	4.46423927	293.19997	293.199971	293.19997	293.199972	6.46190927e-07	4.6204909e-06	0	0	0	0	3
631	2674	0	4.47132537	293.19997	293.199971	293.19997	293.199972	6.67111522e-07	4.6204909e-06	0	0	0	0	3
632	2680	0	4.47841146	293.19997	293.199971	293.19997	293.199972	6.88286377e-07	4.6204909e-06	0	0	0	0	3
633	2685	0	4.48549755	293.19997	293.199971	293.19997	293.199972	7.07340632e-07	4.6204909e-06	0	0	0	0	3
634	2690	0	4.49258365	293.19997	293.199971	293.19997	293.199972	7.2581804e-07	4.6204909e-06	0	0	0	0	3
635	2696	0	4.49966974	293.199971	293.199971	293.19997	293.199972	7.41638758e-07	4.6204909e-06	0	0	0	0	3
636	2701	0	4.50675584	293.199971	293.199971	293.19997	293.199972	7.58177578e-07	4.6204909e-06	0	0	0	0	3
637	2706	0	4.51384193	293.199971	293.199971	293.19997	293.199972	7.73023942e-07	4.6204909e-06	0	0	0	0	3
638	2711	0	4.52092802	293.199971	293.199971	293.19997	293.199972	7.87514921e-07	4.6204909e-06	0	0	0	0	3
639	2716	0	4.52801412	293.199971	293.199971	293.19997	293.199972	8.00898533e-07	4.6204909e-06	0	0	0	0	3
640	2722	0	4.53510021	293.19997	293.199971	293.19997	293.199972	8.16522515e-07	4.6204909e-06	0	0	0	0	3
641	2728	0	4.54218631	293.19997	293.199971	293.19997	293.199972	8.32182195e-07	4.6204909e-06	0	0	0	0	3
642	2734	0	4.5492724	293.19997	293.199971	293.19997	293.199972	8.49105163e-07	4.6204909e-06	0	0	0	0	3
643	2739	0	4.5563585	293.19997	293.199971	293.19997	293.199972	8.66288815e-07	4.6204909e-06	0	0	0	0	3
644	2744	0	4.56344459	293.19997	293.199971	293.19997	293.199972	8.89006174e-07	4.6204909e-06	0	0	0	0	3
645	2750	0	4.57053068	293.19997	293.19997	293.19997	293.199972	9.15714054e-07	4.6204909e-06	0	0	0	0	3
646	2756	0	4.57761678	293.19997	293.19997	293.19997	293.199972	9.44331987e-07	4.6204909e-06	0	0	0	0	3
647	2760	0	4.58470287	293.19997	293.19997	293.19997	293.199972	9.73868168e-07	4.6204909e-06	0	0	0	0	3
648	2765	0	4.59178897	293.19997	293.19997	293.19997	293.199972	1.00539262e-06	4.6204909e-06	0	0	0	0	3
649	2770	0	4.59887506	293.19997	293.19997	293.19997	293.199972	1.03579816e-06	4.6204909e-06	0	0	0	0	3
650	2775	0	4.60596115	293.19997	293.19997	293.19997	293.199972	1.06768664e-06	4.6204909e-06	0	0	0	0	3
651	2779	0	4.61304725	293.199969	293.19997	293.199969	293.199972	1.10030862e-06	4.6204909e-06	0	0	0	0	3
652	2784	0	4.62013334	293.199969	293.19997	293.199969	293.199971	1.13249257e-06	4.6204909e-06	0	0	0	0	3
653	2789	0	4.62721944	293.199969	293.19997	293.199969	293.199971	1.16228983e-06	4.6204909e-06	0	0	0	0	3
654	2795	0	4.63430553	293.199969	293.19997	293.199969	293.199971	1.19222386e-06	4.6204909e-06	0	0	0	0	3
655	2801	0	4.64139162	293.199969	293.19997	293.199969	293.199971	1.21762497e-06	4.6204909e-06	0	0	0	0	3
656	2806	0	4.64847772	293.19997	293.19997	293.199969	293.199971	1.24222328e-06	4.6204909e-06	0	0	0	0	3
657	2812	0	4.65556381	293.19997	293.19997	293.199969	293.199971	1.26123712e-06	4.6204909e-06	0	0	0	0	3
658	2817	0	4.66264991	293.19997	293.19997	293.199969	293.199971	1.28124447e-06	4.6204909e-06	0	0	0	0	3
659	2822	0	4.669736	293.19997	293.19997	293.199969	293.199971	1.29858552e-06	4.6204909e-06	0	0	0	0	3
660	2826	0	4.67682209	293.19997	293.19997	293.199969	293.199971	1.31737863e-06	4.6204909e-06	0	0	0	0	3
661	2831	0	4.68390819	293.19997	293.19997	293.199969	293.199971	1.3323849e-06	4.6204909e-06	0	0	0	0	3
662	2836	0	4.69099428	293.19997	293.19997	293.199969	293.199971	1.34738445e-06	4.6204909e-06	0	0	0	0	3
663	2842	0	4.69808038	293.19997	293.19997	293.199969	293.199971	1.35644478e-06	4.6204909e-06	0	0	0	0	3
664	2846	0	4.70516647	293.19997	293.19997	293.199969	293.199971	1.36409005e-06	4.6204909e-06	0	0	0	0	3
665	2852	0	4.71225257	293.19997	293.19997	293.199969	293.199971	1.3660615e-06	4.6204909e-06	0	0	0	0	3
666	2858	0	4.71933866	293.19997	293.19997	293.199969	293.199971	1.36814919e-06	4.6204909e-06	0	0	0	0	3
667	2863	0	4.72642475	293.19997	293.19997	293.199969	293.199971	1.36847416e-06	4.6204909e-06	0	0	0	0	3
668	2868	0	4.73351085	293.19997	293.19997	293.199969	293.199971	1.36546998e-06	4.6204909e-06	0	0	0	0	3
669	2873	0	4.74059694	293.19997	293.19997	293.199969	293.199971	1.35848688e-06	4.6204909e-06	0	0	0	0	3
670	2879	0	4.74768304	293.19997	293.19997	293.199969	293.199971	1.34778878e-06	4.6204909e-06	0	0	0	0	3
671	2884	0	4.75476913	293.19997	293.19997	293.199969	293.199971	1.33370469e-06	4.6204909e-06	0	0	0	0	3
672	2889	0	4.76185522	293.19997	293.19997	293.199969	293.199971	1.31639274e-06	4.6204909e-06	0	0	0	0	3
673	2893	0	4.76894132	293.19997	293.19997	293.199969	293.199971	1.29939906e-06	4.6204909e-06	0	0	0	0	3
674	2899	0	4.77602741	293.19997	293.19997	293.199969	293.199971	1.28143165e-06	4.6204909e-06	0	0	0	0	3
675	2904	0	4.78311351	293.19997	293.19997	293.199969	293.199971	1.26687468e-06	4.6204909e-06	0	0	0	0	3
676	2909	0	4.7901996	293.19997	293.19997	293.199969	293.199971	1.24991078e-06	4.6204909e-06	0	0	0	0	3
677	2914	0	4.79728569	293.19997	293.19997	293.199969	293.199971	1.23294933e-06	4.6204909e-06	0	0	0	0	3
678	2919	0	4.80437179	293.199971	293.19997	293.199969	293.199971	1.21528774e-06	4.6204909e-06	0	0	0	0	3
679	2924	0	4.81145788	293.199971	293.19997	293.199969	293.199971	1.19758693e-06	4.6204909e-06	0	0	0	0	3
680	2929	0	4.81854398	293.199971	293.19997	293.199969	293.199971	1.17910906e-06	4.6204909e-06	0	0	0	0	3
681	2935	0	4.82563007	293.199971	293.19997	293.199969	293.199971	1.16193058e-06	4.6204909e-06	0	0	0	0	3
682	2939	0	4.83271616	293.199971	293.19997	293.199969	293.199971	1.14283682e-06	4.6204909e-06	0	0	0	0	3
683	2944	0	4.83980226	293.199971	293.19997	293.199969	293.199971	1.1229227e-06	4.6204909e-06	0	0	0	0	3
684	2949	0	4.84688835	293.199971	293.19997	293.199969	293.199971	1.10205269e-06	4.6204909e-06	0	0	0	0	3
685	2954	0	4.85397445	293.199971	293.19997	293.199969	293.199971	1.08030349e-06	4.6204909e-06	0	0	0	0	3
686	2960	0	4.86106054	293.199971	293.19997	293.199969	293.199971	1.05559229e-06	4.6204909e-06	0	0	0	0	3
687	2965	0	4.86814664	293.199971	293.19997	293.199969	293.199971	1.0333473e-06	4.6204909e-06	0	0	0	0	3
688	2970	0	4.87523273	293.199971	293.19997	293.199969	293.199971	1.01168678e-06	4.6204909e-06	0	0	0	0	3
689	2975	0	4.88231882	293.199971	293.19997	293.199969	293.199971	9.94309062e-07	4.6204909e-06	0	0	0	0	3
690	2980	0	4.88940492	293.199971	293.19997	293.199969	293.199971	9.75809314e-07	4.6204909e-06	0	0	0	0	3
691	2985	0	4.89649101	293.199971	293.19997	293.199969	293.199971	9.57269094e-07	4.6204909e-06	0	0	0	0	3
692	2990	0	4.90357711	293.199971	293.19997	293.199969	293.199971	9.3502058e-07	4.6204909e-06	0	0	0	0	3
693	2995	0	4.9106632	293.199971	293.19997	293.199969	293.199971	9.11472455e-07	4.6204909e-06	0	0	0	0	3
694	3000	0	4.91774929	293.199971	293.19997	293.199969	293.199971	8.84374288e-07	4.6204909e-06	0	0	0	0	3
695	3005	0	4.92483539	293.199971	293.19997	293.199969	293.199971	8.57415728e-07	4.6204909e-06	0	0	0	0	3
696	3009	0	4.93192148	293.199971	293.19997	293.199969	293.199971	8.30172496e-07	4.6204909e-06	0	0	0	0	3
697	3014	0	4.93900758	293.199971	293.19997	293.199969	293.199971	8.06269384e-07	4.6204909e-06	0	0	0	0	3
698	3019	0	4.94609367	293.199972	293.19997	293.199969	293.199972	7.82060795e-07	4.6204909e-06	0	0	0	0	3
699	3024	0	4.95317976	293.199972	293.19997	293.199969	293.199972	7.59337865e-07	4.6204909e-06	0	0	0	0	3
700	3029	0	4.96026586	293.199972	293.19997	293.199969	293.199972	7.36583502e-07	4.6204909e-06	0	0	0	0	3
701	3041	0	4.96735195	293.199972	293.19997	293.199969	293.199972	7.15662907e-07	4.6204909e-06	0	0	0	0	3
702	3047	0	4.97443805	293.199972	293.19997	293.199969	293.199972	6.94488051e-07	4.6204909e-06	0	0	0	0	3
703	3053	0	4.98152414	293.199972	293.19997	293.199969	293.199972	6.75433796e-07	4.6204909e-06	0	0	0	0	3
704	3058	0	4.98861023	293.199972	293.19997	293.199969	293.199972	6.56956388e-07	4.6204909e-06	0	0	0	0	3
705	3062	0	4.99569633	293.199972	293.19997	293.199969	293.199972	6.41135671e-07	4.6204909e-06	0	0	0	0	3
706	3068	0	5.00278242	293.199971	293.19997	293.199969	293.199972	6.24596851e-07	4.6204909e-06	0	0	0	0	3
707	3073	0	5.00986852	293.199971	293.199971	293.199969	293.199972	6.09750487e-07	4.6204909e-06	0	0	0	0	3
708	3078	0	5.01695461	293.199971	293.199971	293.199969	293.199972	5.95259507e-07	4.6204909e-06	0	0	0	0	3
709	3083	0	5.0240407	293.199971	293.199971	293.199969	293.199972	5.81875895e-07	4.6204909e-06	0	0	0	0	3
710	3088	0	5.0311268	293.199971	293.199971	293.199969	293.199972	5.66251913e-07	4.6204909e-06	0	0	0	0	3
711	3093	0	5.03821289	293.199971	293.199971	293.199969	293.199972	5.50592233e-07	4.6204909e-06	0	0	0	0	3
712	3098	0	5.04529899	293.199971	293.199971	293.199969	293.199972	5.3681498e-07	4.6204909e-06	0	0	0	0	3
713	3104	0	5.05238508	293.199971	293.199971	293.199969	293.199972	5.50217976e-07	4.6204909e-06	0	0	0	0	3
714	3109	0	5.05947118	293.199971	293.199971	293.199969	293.199972	5.61919819e-07	4.6204909e-06	0	0	0	0	3
715	3114	0	5.06655727	293.199971	293.199971	293.199969	293.199972	5.773461e-07	4.6204909e-06	0	0	0	0	3
716	3119	0	5.07364336	293.199971	293.199971	293.199969	293.199972	5.91908758e-07	4.6204909e-06	0	0	0	0	3
717	3124	0	5.08072946	293.199971	293.199971	293.199969	293.199972	6.04442334e-07	4.6204909e-06	0	0	0	0	3
718	3130	0	5.08781555	293.19997	293.199971	293.199969	293.199972	6.14056944e-07	4.6204909e-06	0	0	0	0	3
719	3135	0	5.09490165	293.19997	293.199971	293.199969	293.199972	6.24056213e-07	4.6204909e-06	0	0	0	0	3
720	3140	0	5.10198774	293.19997	293.199971	293.199969	293.199972	6.28425141e-07	4.6204909e-06	0	0	0	0	3
721	3144	0	5.10907383	293.19997	293.199971	293.199969	293.199972	6.34173261e-07	4.6204909e-06	0	0	0	0	3
722	3148	0	5.11615993	293.19997	293.199971	293.199969	293.199972	6.39993914e-07	4.6204909e-06	0	0	0	0	3
723	3154	0	5.12324602	293.19997	293.199971	293.199969	293.199972	6.48657362e-07	4.6204909e-06	0	0	0	0	3
724	3159	0	5.13033212	293.19997	293.199971	293.199969	293.199972	6.5489894e-07	4.6204909e-06	0	0	0	0	3
725	3164	0	5.13741821	293.19997	293.199971	293.199969	293.199972	6.61245053e-07	4.6204909e-06	0	0	0	0	3
726	3169	0	5.1445043	293.19997	293.199971	293.19997	293.199972	6.64037373e-07	4.6204909e-06	0	0	0	0	3
727	3174	0	5.1515904	293.19997	293.199971	293.19997	293.199972	6.64037373e-07	4.6204909e-06	0	0	0	0	3
728	3180	0	5.15867649	293.199969	293.199971	293.199969	293.199972	6.64037373e-07	4.6204909e-06	0	0	0	0	3
729	3185	0	5.16576259	293.199969	293.199971	293.199969	293.199972	6.64037373e-07	4.6204909e-06	0	0	0	0	3
730	3190	0	5.17284868	293.199969	293.199971	293.199969	293.199972	6.64037373e-07	4.6204909e-06	0	0	0	0	3
731	3195	0	5.17993477	293.199969	293.199971	293.199969	293.199972	6.64037373e-07	4.6204909e-06	0	0	0	0	3
732	3200	0	5.18702087	293.199969	293.199971	293.199969	293.199972	6.64037373e-07	4.6204909e-06	0	0	0	0	3
733	3206	0	5.19410696	293.199969	293.199971	293.199969	293.199972	6.64037373e-07	4.6204909e-06	0	0	0	0	3
734	3211	0	5.20119306	293.199969	293.199971	293.199969	293.199972	6.64037373e-07	4.6204909e-06	0	0	0	0	3
735	3216	0	5.20827915	293.199969	293.199971	293.199969	293.199972	6.64037373e-07	4.6204909e-06	0	0	0	0	3
736	3222	0	5.21536525	293.199969	293.199971	293.199969	293.199972	6.64037373e-07	4.6204909e-06	0	0	0	0	3
737	3227	0	5.22245134	293.199969	293.199971	293.199969	293.199972	6.64037373e-07	4.6204909e-06	0	0	0	0	3
738	3232	0	5.22953743	293.199969	293.199971	293.199969	293.199972	6.64037373e-07	4.6204909e-06	0	0	0	0	3
739	3237	0	5.23662353	293.199969	293.199971	293.199969	293.199972	6.64037373e-07	4.6204909e-06	0	0	0	0	3
740	3241	0	5.24370962	293.199969	293.199971	293.199969	293.199972	6.64037373e-07	4.6204909e-06	0	0	0	0	3
741	3246	0	5.25079572	293.199968	293.19997	293.199968	293.199972	6.59370642e-07	4.6204909e-06	0	0	0	0	3
742	3252	0	5.25788181	293.199968	293.19997	293.199968	293.199972	6.52490655e-07	4.6204909e-06	0	0	0	0	3
743	3257	0	5.2649679	293.199968	293.19997	293.199968	293.199972	6.45451451e-07	4.6204909e-06	0	0	0	0	3
744	3263	0	5.272054	293.199968	293.19997	293.199968	293.199972	6.41047677e-07	4.6204909e-06	0	0	0	0	3
745	3268	0	5.27914009	293.199968	293.19997	293.199968	293.199972	6.37532821e-07	4.6204909e-06	0	0	0	0	3
746	3274	0	5.28622619	293.199968	293.19997	293.199968	293.199972	6.35339234e-07	4.6204909e-06	0	0	0	0	3
747	3280	0	5.29331228	293.199969	293.19997	293.199968	293.199972	6.29676663e-07	4.6204909e-06	0	0	0	0	3
748	3285	0	5.30039837	293.199969	293.19997	293.199968	293.199972	6.20417381e-07	4.6204909e-06	0	0	0	0	3
749	3291	0	5.30748447	293.199969	293.19997	293.199968	293.199972	6.06654396e-07	4.6204909e-06	0	0	0	0	3
750	3296	0	5.31457056	293.199969	293.19997	293.199968	293.199972	5.91481125e-07	4.6204909e-06	0	0	0	0	3
751	3301	0	5.32165666	293.199969	293.19997	293.199968	293.199972	5.76369814e-07	4.6204909e-06	0	0	0	0	3
752	3306	0	5.32874275	293.199969	293.19997	293.199968	293.199972	5.63864091e-07	4.6204909e-06	0	0	0	0	3
753	3311	0	5.33582884	293.199969	293.19997	293.199968	293.199972	5.50706829e-07	4.6204909e-06	0	0	0	0	3
754	3315	0	5.34291494	293.199969	293.19997	293.199968	293.199972	5.37499886e-07	4.6204909e-06	0	0	0	0	3
755	3322	0	5.35000103	293.19997	293.19997	293.199968	293.199972	5.59770513e-07	4.6204909e-06	0	0	0	0	3
756	3327	0	5.35708713	293.19997	293.19997	293.199968	293.199972	5.81414156e-07	4.6204909e-06	0	0	0	0	3
757	3332	0	5.36417322	293.19997	293.19997	293.199968	293.199972	5.9992243e-07	4.6204909e-06	0	0	0	0	3
758	3337	0	5.37125931	293.19997	293.19997	293.199968	293.199972	6.1764689e-07	4.6204909e-06	0	0	0	0	3
759	3342	0	5.37834541	293.19997	293.19997	293.199968	293.199972	6.33886657e-07	4.6204909e-06	0	0	0	0	3
760	3346	0	5.3854315	293.19997	293.19997	293.199968	293.199972	6.48252808e-07	4.6204909e-06	0	0	0	0	3
761	3352	0	5.3925176	293.19997	293.19997	293.199968	293.199972	6.5968834e-07	4.6204909e-06	0	0	0	0	3
762	3357	0	5.39960369	293.19997	293.19997	293.199968	293.199972	6.70822942e-07	4.6204909e-06	0	0	0	0	3
763	3363	0	5.40668979	293.19997	293.19997	293.199968	293.199972	6.83307803e-07	4.6204909e-06	0	0	0	0	3
764	3368	0	5.41377588	293.19997	293.19997	293.199968	293.199972	6.97971643e-07	4.6204909e-06	0	0	0	0	3
765	3373	0	5.42086197	293.19997	293.19997	293.199968	293.199972	7.15790122e-07	4.6204909e-06	0	0	0	0	3
766	3378	0	5.42794807	293.19997	293.19997	293.199968	293.199972	7.35929234e-07	4.6204909e-06	0	0	0	0	3
767	3384	0	5.43503416	293.19997	293.19997	293.199968	293.199972	7.55847623e-07	4.6204909e-06	0	0	0	0	3
768	3390	0	5.44212026	293.19997	293.19997	293.199968	293.199972	7.7697706e-07	4.6204909e-06	0	0	0	0	3
769	3394	0	5.44920635	293.19997	293.19997	293.199968	293.199972	7.97034147e-07	4.6204909e-06	0	0	0	0	3
770	3400	0	5.45629244	293.19997	293.19997	293.199968	293.199972	8.18180865e-07	4.6204909e-06	0	0	0	0	3
771	3405	0	5.46337854	293.19997	293.19997	293.199968	293.199972	8.39128234e-07	4.6204909e-06	0	0	0	0	3
772	3410	0	5.47046463	293.19997	293.19997	293.199968	293.199972	8.61315073e-07	4.6204909e-06	0	0	0	0	3
773	3416	0	5.47755073	293.19997	293.19997	293.199968	293.199972	8.7996284e-07	4.6204909e-06	0	0	0	0	3
774	3421	0	5.48463682	293.19997	293.19997	293.199968	293.199972	8.98913868e-07	4.6204909e-06	0	0	0	0	3
775	3426	0	5.49172291	293.199971	293.19997	293.199968	293.199972	9.13103747e-07	4.6204909e-06	0	0	0	0	3
776	3431	0	5.49880901	293.199971	293.19997	293.199968	293.199971	9.2730113e-07	4.6204909e-06	0	0	0	0	3
777	3437	0	5.5058951	293.19997	293.19997	293.199968	293.199971	9.4000842e-07	4.6204909e-06	0	0	0	0	3
778	3442	0	5.5129812	293.19997	293.19997	293.199968	293.199971	9.53893164e-07	4.6204909e-06	0	0	0	0	3
779	3447	0	5.52006729	293.19997	293.19997	293.199968	293.199971	9.66349546e-07	4.6204909e-06	0	0	0	0	3
780	3452	0	5.52715338	293.19997	293.19997	293.199968	293.199971	9.79133119e-07	4.6204909e-06	0	0	0	0	3
781	3456	0	5.53423948	293.199971	293.19997	293.199968	293.199971	9.87986311e-07	4.6204909e-06	0	0	0	0	3
782	3461	0	5.54132557	293.199971	293.19997	293.199968	293.199971	9.97392135e-07	4.6204909e-06	0	0	0	0	3
783	3467	0	5.54841167	293.199971	293.19997	293.199968	293.199971	1.00339486e-06	4.6204909e-06	0	0	0	0	3
784	3471	0	5.55549776	293.199971	293.19997	293.199968	293.199971	1.00943049e-06	4.6204909e-06	0	0	0	0	3
785	3477	0	5.56258386	293.199971	293.19997	293.199968	293.199971	1.01160015e-06	4.6204909e-06	0	0	0	0	3
786	3482	0	5.56966995	293.199971	293.19997	293.199968	293.199971	1.01571328e-06	4.6204909e-06	0	0	0	0	3
787	3487	0	5.57675604	293.199971	293.19997	293.199968	293.199971	1.01602137e-06	4.6204909e-06	0	0	0	0	3
788	3492	0	5.58384214	293.199971	293.19997	293.199968	293.199971	1.01621686e-06	4.6204909e-06	0	0	0	0	3
789	3497	0	5.59092823	293.199971	293.19997	293.199968	293.199971	1.01621686e-06	4.6204909e-06	0	0	0	0	3
790	3503	0	5.59801433	293.199971	293.19997	293.199968	293.199971	1.01621686e-06	4.6204909e-06	0	0	0	0	3
791	3509	0	5.60510042	293.19997	293.19997	293.199968	293.199971	1.01621686e-06	4.6204909e-06	0	0	0	0	3
792	3514	0	5.61218651	293.19997	293.19997	293.199968	293.199971	1.01621686e-06	4.6204909e-06	0	0	0	0	3
793	3520	0	5.61927261	293.19997	293.19997	293.199968	293.199971	1.01621686e-06	4.6204909e-06	0	0	0	0	3
794	3525	0	5.6263587	293.19997	293.19997	293.199968	293.199971	1.01621686e-06	4.6204909e-06	0	0	0	0	3
795	3529	0	5.6334448	293.19997	293.19997	293.199968	293.199971	1.01621686e-06	4.6204909e-06	0	0	0	0	3
796	3535	0	5.64053089	293.19997	293.19997	293.199968	293.199971	1.01621686e-06	4.6204909e-06	0	0	0	0	3
797	3539	0	5.64761698	293.19997	293.19997	293.199968	293.199971	1.01560511e-06	4.6204909e-06	0	0	0	0	3
798	3544	0	5.65470308	293.19997	293.19997	293.199968	293.199971	1.00916191e-06	4.6204909e-06	0	0	0	0	3
799	3549	0	5.66178917	293.19997	293.19997	293.199968	293.199971	1.00163015e-06	4.6204909e-06	0	0	0	0	3
800	3555	0	5.66887527	293.19997	293.19997	293.199968	293.199971	9.93415938e-07	4.6204909e-06	0	0	0	0	3
801	3568	0	5.67596136	293.19997	293.19997	293.199968	293.199971	9.8532314e-07	4.6204909e-06	0	0	0	0	3
802	3574	0	5.68304745	293.19997	293.19997	293.199968	293.199971	9.74020338e-07	4.6204909e-06	0	0	0	0	3
803	3579	0	5.69013355	293.19997	293.19997	293.199968	293.199971	9.62287345e-07	4.6204909e-06	0	0	0	0	3
804	3585	0	5.69721964	293.19997	293.19997	293.199968	293.199971	9.47784542e-07	4.6204909e-06	0	0	0	0	3
805	3589	0	5.70430574	293.19997	293.19997	293.199968	293.199971	9.34152638e-07	4.6204909e-06	0	0	0	0	3
806	3594	0	5.71139183	293.19997	293.19997	293.199968	293.199971	9.1682324e-07	4.6204909e-06	0	0	0	0	3
807	3600	0	5.71847792	293.19997	293.19997	293.199968	293.199971	9.01952092e-07	4.6204909e-06	0	0	0	0	3
808	3606	0	5.72556402	293.19997	293.19997	293.199968	293.199971	8.85682596e-07	4.6204909e-06	0	0	0	0	3
809	3611	0	5.73265011	293.19997	293.19997	293.199968	293.199971	8.68794757e-07	4.6204909e-06	0	0	0	0	3
810	3616	0	5.73973621	293.19997	293.19997	293.199968	293.199971	8.47497347e-07	4.6204909e-06	0	0	0	0	3
811	3622	0	5.7468223	293.19997	293.19997	293.199968	293.199971	8.23602932e-07	4.6204909e-06	0	0	0	0	3
812	3628	0	5.7539084	293.19997	293.19997	293.199968	293.199971	7.95917913e-07	4.6204909e-06	0	0	0	0	3
813	3633	0	5.76099449	293.19997	293.19997	293.199968	293.199971	7.66470293e-07	4.6204909e-06	0	0	0	0	3
814	3638	0	5.76808058	293.19997	293.19997	293.199968	293.199971	7.36655466e-07	4.6204909e-06	0	0	0	0	3
815	3643	0	5.77516668	293.19997	293.19997	293.199968	293.199971	7.10758513e-07	4.6204909e-06	0	0	0	0	3
816	3648	0	5.78225277	293.19997	293.19997	293.199968	293.199971	6.85840689e-07	4.6204909e-06	0	0	0	0	3
817	3653	0	5.78933887	293.19997	293.19997	293.199969	293.199971	6.63115998e-07	4.6204909e-06	0	0	0	0	3
818	3658	0	5.79642496	293.19997	293.19997	293.199969	293.199971	6.38418896e-07	4.6204909e-06	0	0	0	0	3
819	3664	0	5.80351105	293.19997	293.19997	293.199969	293.199971	6.11841529e-07	4.6204909e-06	0	0	0	0	3
820	3669	0	5.81059715	293.19997	293.19997	293.199969	293.199971	5.82663858e-07	4.6204909e-06	0	0	0	0	3
821	3675	0	5.81768324	293.19997	293.19997	293.199969	293.199971	5.52940037e-07	4.6204909e-06	0	0	0	0	3
822	3680	0	5.82476934	293.19997	293.19997	293.199969	293.199971	5.26028998e-07	4.6204909e-06	0	0	0	0	3
823	3685	0	5.83185543	293.199971	293.19997	293.199969	293.199971	5.06426204e-07	4.6204909e-06	0	0	0	0	3
824	3690	0	5.83894152	293.199971	293.19997	293.199969	293.199971	5.24999109e-07	4.6204909e-06	0	0	0	0	3
825	3696	0	5.84602762	293.199971	293.19997	293.19997	293.199971	5.45905039e-07	4.6204909e-06	0	0	0	0	3
826	3700	0	5.85311371	293.199971	293.19997	293.19997	293.199971	5.64415188e-07	4.6204909e-06	0	0	0	0	3
827	3705	0	5.86019981	293.199971	293.19997	293.19997	293.199971	5.84662359e-07	4.6204909e-06	0	0	0	0	3
828	3710	0	5.8672859	293.199971	293.19997	293.19997	293.199971	6.02277964e-07	4.6204909e-06	0	0	0	0	3
829	3715	0	5.87437199	293.199971	293.19997	293.19997	293.199971	6.19992989e-07	4.6204909e-06	0	0	0	0	3
830	3719	0	5.88145809	293.199971	293.19997	293.19997	293.199971	6.35320703e-07	4.6204909e-06	0	0	0	0	3
831	3725	0	5.88854418	293.199971	293.19997	293.19997	293.199971	6.50716686e-07	4.6204909e-06	0	0	0	0	3
