Iteration	CPUTime	PhysTime	Travels	Value	AvValue	MinValue	MaxValue	Delta	Criteria	PrevAvRefValue	Progress	CriteriaType	CriteriaVarType	CriteriaPercentage
1	15	0	0.00708609408	101324.318	101324.318	101324.318	101324.318	0	0	0	0	0	0	3
2	17	0	0.0141721882	101324.349	101324.334	101324.318	101324.349	0.0155036923	0	0	0	0	0	3
3	19	0	0.0212582822	101324.336	101324.334	101324.318	101324.349	0.0163225454	0	0	0	0	0	3
4	21	0	0.0283443763	101324.394	101324.349	101324.318	101324.394	0.0312765371	0	0	0	0	0	3
5	23	0	0.0354304704	101324.319	101324.343	101324.318	101324.394	0.0312765371	0	0	0	0	0	3
6	25	0	0.0425165645	101324.373	101324.348	101324.318	101324.394	0.0312765371	0	0	0	0	0	3
7	27	0	0.0496026586	101324.337	101324.347	101324.318	101324.394	0.0312765371	0	0	0	0	0	3
8	29	0	0.0566887527	101324.364	101324.349	101324.318	101324.394	0.0312765371	0	0	0	0	0	3
9	31	0	0.0637748467	101324.342	101324.348	101324.318	101324.394	0.0312765371	0	0	0	0	0	3
10	33	0	0.0708609408	101324.353	101324.348	101324.318	101324.394	0.0312765371	0	0	0	0	0	3
11	35	0	0.0779470349	101324.343	101324.348	101324.318	101324.394	0.0312765371	0	0	0	0	0	3
12	37	0	0.085033129	101324.342	101324.347	101324.318	101324.394	0.0312765371	0	0	0	0	0	3
13	39	0	0.0921192231	101324.335	101324.347	101324.318	101324.394	0.0312765371	0	0	0	0	0	3
14	41	0	0.0992053172	101324.331	101324.345	101324.318	101324.394	0.0312765371	0	0	0	0	0	3
15	43	0	0.106291411	101324.326	101324.344	101324.318	101324.394	0.0312765371	0	0	0	0	0	3
16	45	0	0.113377505	101324.321	101324.343	101324.318	101324.394	0.0312765371	0	0	0	0	0	3
17	47	0	0.120463599	101324.315	101324.341	101324.315	101324.394	0.0312765371	0	0	0	0	0	3
18	49	0	0.127549693	101324.306	101324.339	101324.306	101324.394	0.0312765371	0	0	0	0	0	3
19	51	0	0.134635788	101324.301	101324.337	101324.301	101324.394	0.0312765371	0	0	0	0	0	3
20	53	0	0.141721882	101324.292	101324.335	101324.292	101324.394	0.0312765371	0	0	0	0	0	3
21	55	0	0.148807976	101324.287	101324.333	101324.287	101324.394	0.0312765371	0	0	0	0	0	3
22	57	0	0.15589407	101324.276	101324.33	101324.276	101324.394	0.0312765371	0	0	0	0	0	3
23	59	0	0.162980164	101324.268	101324.327	101324.268	101324.394	0.0312765371	0	0	0	0	0	3
24	61	0	0.170066258	101324.258	101324.324	101324.258	101324.394	0.0312765371	0	0	0	0	0	3
25	63	0	0.177152352	101324.25	101324.321	101324.25	101324.394	0.0312765371	0	0	0	0	0	3
26	65	0	0.184238446	101324.242	101324.318	101324.242	101324.394	0.0312765371	0	0	0	0	0	3
27	67	0	0.19132454	101324.233	101324.315	101324.233	101324.394	0.0341429534	0	0	0	0	0	3
28	69	0	0.198410634	101324.224	101324.312	101324.224	101324.394	0.0373988478	0	0	0	0	0	3
29	71	0	0.205496728	101324.218	101324.309	101324.218	101324.394	0.0406376943	0	0	0	0	0	3
30	73	0	0.212582822	101324.214	101324.306	101324.214	101324.394	0.0437962109	0	0	0	0	0	3
31	75	0	0.219668917	101324.213	101324.303	101324.213	101324.394	0.0467758115	0	0	0	0	0	3
32	77	0	0.226755011	101324.213	101324.3	101324.213	101324.394	0.0495723402	0	0	0	0	0	3
33	79	0	0.233841105	101324.214	101324.297	101324.213	101324.394	0.0521813293	0	0	0	0	0	3
34	81	0	0.240927199	101324.215	101324.295	101324.213	101324.394	0.0546064313	0	0	0	0	0	3
35	83	0	0.248013293	101324.216	101324.292	101324.213	101324.394	0.0568685763	0	0	0	0	0	3
36	85	0	0.255099387	101324.216	101324.29	101324.213	101324.394	0.0589854384	0	0	0	0	0	3
37	87	0	0.262185481	101324.217	101324.288	101324.213	101324.394	0.0609714834	0	0	0	0	0	3
38	89	0	0.269271575	101324.217	101324.286	101324.213	101324.394	0.0628442588	0	0	0	0	0	3
39	91	0	0.276357669	101324.217	101324.285	101324.213	101324.394	0.0646189115	0	0	0	0	0	3
40	93	0	0.283443763	101324.217	101324.283	101324.213	101324.394	0.0663118674	0	0	0	0	0	3
41	95	0	0.290529857	101324.217	101324.281	101324.213	101324.394	0.0679332918	0	0	0	0	0	3
42	97	0	0.297615951	101324.216	101324.28	101324.213	101324.394	0.0694984493	0	0	0	0	0	3
43	99	0	0.304702046	101324.215	101324.278	101324.213	101324.394	0.0710118343	0	0	0	0	0	3
44	101	0	0.31178814	101324.214	101324.277	101324.213	101324.394	0.0724803069	0	0	0	0	0	3
45	103	0	0.318874234	101324.213	101324.275	101324.213	101324.394	0.0739079078	0	0	0	0	0	3
46	105	0	0.325960328	101324.211	101324.274	101324.211	101324.394	0.075300642	0	0	0	0	0	3
47	107	0	0.333046422	101324.21	101324.273	101324.21	101324.394	0.0766576242	0	0	0	0	0	3
48	110	0	0.340132516	101324.209	101324.271	101324.209	101324.394	0.0779813403	0	0	0	0	0	3
49	112	0	0.34721861	101324.208	101324.27	101324.208	101324.394	0.0792681304	0	0	0	0	0	3
50	114	0	0.354304704	101324.208	101324.269	101324.208	101324.394	0.0805174742	0	0	0	0	0	3
51	116	0	0.361390798	101324.207	101324.268	101324.207	101324.394	0.0817299766	0	0	0	0	0	3
52	118	0	0.368476892	101324.206	101324.266	101324.206	101324.394	0.0829051758	0	0	0	0	0	3
53	119	0	0.375562986	101324.206	101324.265	101324.206	101324.394	0.0840419699	0	0	0	0	0	3
54	121	0	0.38264908	101324.206	101324.264	101324.206	101324.394	0.0851419236	0	0	0	0	0	3
55	123	0	0.389735175	101324.206	101324.263	101324.206	101324.394	0.0862069116	0	0	0	0	0	3
56	125	0	0.396821269	101324.205	101324.262	101324.205	101324.394	0.0872365744	0	0	0	0	0	3
57	127	0	0.403907363	101324.205	101324.261	101324.205	101324.394	0.0882304784	0	0	0	0	0	3
58	129	0	0.410993457	101324.205	101324.26	101324.205	101324.394	0.0891888938	0	0	0	0	0	3
59	131	0	0.418079551	101324.206	101324.259	101324.205	101324.394	0.0901097654	0	0	0	0	0	3
60	133	0	0.425165645	101324.206	101324.258	101324.205	101324.394	0.0909928276	0	0	0	0	0	3
61	135	0	0.432251739	101324.207	101324.257	101324.205	101324.394	0.0918391078	0	0	0	0	0	3
62	137	0	0.439337833	101324.207	101324.257	101324.205	101324.394	0.0926489918	0	0	0	0	0	3
63	139	0	0.446423927	101324.208	101324.256	101324.205	101324.394	0.0934234679	0	0	0	0	0	3
64	141	0	0.453510021	101324.208	101324.255	101324.205	101324.394	0.0941662863	0	0	0	0	0	3
65	143	0	0.460596115	101324.209	101324.254	101324.205	101324.394	0.0948784575	0	0	0	0	0	3
66	145	0	0.467682209	101324.209	101324.254	101324.205	101324.394	0.0955617055	0	0	0	0	0	3
67	147	0	0.474768304	101324.21	101324.253	101324.205	101324.394	0.0962172555	0	0	0	0	0	3
68	149	0	0.481854398	101324.21	101324.252	101324.205	101324.394	0.096846626	0	0	0	0	0	3
69	151	0	0.488940492	101324.211	101324.252	101324.205	101324.394	0.0974505236	0	0	0	0	0	3
70	152	0	0.496026586	101324.211	101324.251	101324.205	101324.394	0.0980301138	0	0	0	0	0	3
71	154	0	0.50311268	101324.212	101324.251	101324.205	101324.394	0.0985853914	0	0	0	0	0	3
72	156	0	0.510198774	101324.212	101324.249	101324.205	101324.394	0.10007358	0	0	0	0	0	3
73	158	0	0.517284868	101324.213	101324.247	101324.205	101324.394	0.101991089	0	0	0	0	0	3
74	160	0	0.524370962	101324.213	101324.246	101324.205	101324.394	0.103718839	0	0	0	0	0	3
75	162	0	0.531457056	101324.214	101324.243	101324.205	101324.373	0.105664715	0	0	0	0	0	3
76	164	0	0.53854315	101324.214	101324.242	101324.205	101324.373	0.107138007	0	0	0	0	0	3
77	166	0	0.545629244	101324.214	101324.239	101324.205	101324.364	0.109366199	0	0	0	0	0	3
78	168	0	0.552715338	101324.215	101324.238	101324.205	101324.364	0.11109515	0	0	0	0	0	3
79	170	0	0.559801433	101324.215	101324.236	101324.205	101324.353	0.112970917	0	0	0	0	0	3
80	172	0	0.566887527	101324.215	101324.234	101324.205	101324.353	0.114760761	0	0	0	0	0	3
81	174	0	0.573973621	101324.215	101324.232	101324.205	101324.343	0.116170933	0	0	0	0	0	3
82	176	0	0.581059715	101324.215	101324.23	101324.205	101324.342	0.117485337	0	0	0	0	0	3
83	178	0	0.588145809	101324.215	101324.228	101324.205	101324.335	0.118320593	0	0	0	0	0	3
84	180	0	0.595231903	101324.214	101324.226	101324.205	101324.331	0.118913586	0	0	0	0	0	3
85	182	0	0.602317997	101324.214	101324.225	101324.205	101324.326	0.119286438	0	0	0	0	0	3
86	184	0	0.609404091	101324.214	101324.223	101324.205	101324.321	0.115255665	0	0	0	0	0	3
87	186	0	0.616490185	101324.214	101324.222	101324.205	101324.315	0.109342725	0	0	0	0	0	3
88	188	0	0.623576279	101324.213	101324.22	101324.205	101324.306	0.100491529	0	0	0	0	0	3
89	190	0	0.630662373	101324.213	101324.219	101324.205	101324.301	0.0956051511	0	0	0	0	0	3
90	192	0	0.637748467	101324.212	101324.218	101324.205	101324.292	0.0869366858	0	0	0	0	0	3
91	194	0	0.644834562	101324.212	101324.217	101324.205	101324.287	0.081565962	0	0	0	0	0	3
92	196	0	0.651920656	101324.212	101324.216	101324.205	101324.276	0.0702596537	0	0	0	0	0	3
93	198	0	0.65900675	101324.212	101324.215	101324.205	101324.268	0.0624063238	0	0	0	0	0	3
94	200	0	0.666092844	101324.212	101324.214	101324.205	101324.258	0.052376889	0	0	0	0	0	3
95	201	0	0.673178938	101324.211	101324.213	101324.205	101324.25	0.0447052365	0	0	0	0	0	3
96	203	0	0.680265032	101324.211	101324.213	101324.205	101324.242	0.0363994505	0	0	0	0	0	3
97	205	0	0.687351126	101324.211	101324.212	101324.205	101324.233	0.0272167027	0	0	0	0	0	3
98	207	0	0.69443722	101324.211	101324.212	101324.205	101324.224	0.0185811032	0	0	0	0	0	3
99	209	0	0.701523314	101324.211	101324.212	101324.205	101324.218	0.0125637037	0	0	0	0	0	3
100	211	0	0.708609408	101324.211	101324.212	101324.205	101324.217	0.0118333853	0	0	0	0	0	3
101	216	0	0.715695502	101324.211	101324.212	101324.205	101324.217	0.0118333853	0	0	0	0	0	3
102	218	0	0.722781596	101324.211	101324.212	101324.205	101324.217	0.0118333853	0	0	0	0	0	3
103	220	0	0.729867691	101324.212	101324.212	101324.205	101324.217	0.0118333853	0	0	0	0	0	3
104	222	0	0.736953785	101324.212	101324.212	101324.205	101324.217	0.0118333853	0	0	0	0	0	3
105	224	0	0.744039879	101324.212	101324.212	101324.205	101324.217	0.0118333853	0	0	0	0	0	3
106	225	0	0.751125973	101324.212	101324.211	101324.205	101324.217	0.0118333853	0	0	0	0	0	3
107	227	0	0.758212067	101324.212	101324.211	101324.205	101324.217	0.0118333853	0	0	0	0	0	3
108	229	0	0.765298161	101324.212	101324.211	101324.205	101324.217	0.0118333853	0	0	0	0	0	3
109	231	0	0.772384255	101324.212	101324.211	101324.205	101324.217	0.0118333853	0	0	0	0	0	3
110	233	0	0.779470349	101324.212	101324.211	101324.205	101324.217	0.0115519517	0	0	0	0	0	3
111	235	0	0.786556443	101324.212	101324.211	101324.205	101324.217	0.0110988295	0	0	0	0	0	3
112	237	0	0.793642537	101324.213	101324.211	101324.205	101324.216	0.0102191954	0	0	0	0	0	3
113	239	0	0.800728631	101324.213	101324.211	101324.205	101324.215	0.00934322827	0	0	0	0	0	3
114	241	0	0.807814725	101324.213	101324.211	101324.205	101324.215	0.00934322827	0	0	0	0	0	3
115	243	0	0.81490082	101324.213	101324.211	101324.205	101324.215	0.00934322827	0	0	0	0	0	3
116	245	0	0.821986914	101324.213	101324.211	101324.205	101324.215	0.00934322827	0	0	0	0	0	3
117	247	0	0.829073008	101324.213	101324.211	101324.205	101324.215	0.00934322827	0	0	0	0	0	3
118	248	0	0.836159102	101324.213	101324.211	101324.205	101324.215	0.00934322827	0	0	0	0	0	3
119	250	0	0.843245196	101324.213	101324.211	101324.205	101324.215	0.00934322827	0	0	0	0	0	3
120	252	0	0.85033129	101324.213	101324.211	101324.205	101324.215	0.00934322827	0	0	0	0	0	3
121	254	0	0.857417384	101324.213	101324.211	101324.205	101324.215	0.00934322827	0	0	0	0	0	3
122	256	0	0.864503478	101324.213	101324.211	101324.205	101324.215	0.00934322827	0	0	0	0	0	3
123	258	0	0.871589572	101324.212	101324.211	101324.205	101324.215	0.00934322827	0	0	0	0	0	3
124	260	0	0.878675666	101324.212	101324.211	101324.205	101324.215	0.00934322827	0	0	0	0	0	3
125	262	0	0.88576176	101324.212	101324.212	101324.205	101324.215	0.00934322827	0	0	0	0	0	3
126	264	0	0.892847854	101324.212	101324.212	101324.205	101324.215	0.00934322827	0	0	0	0	0	3
127	266	0	0.899933949	101324.213	101324.212	101324.205	101324.215	0.00934322827	0	0	0	0	0	3
128	268	0	0.907020043	101324.213	101324.212	101324.205	101324.215	0.00927270294	0	0	0	0	0	3
129	270	0	0.914106137	101324.213	101324.212	101324.206	101324.215	0.00897444642	0	0	0	0	0	3
130	271	0	0.921192231	101324.213	101324.212	101324.206	101324.215	0.00854762593	0	0	0	0	0	3
131	273	0	0.928278325	101324.213	101324.212	101324.207	101324.215	0.00807004304	0	0	0	0	0	3
132	275	0	0.935364419	101324.213	101324.212	101324.207	101324.215	0.0075060469	0	0	0	0	0	3
133	277	0	0.942450513	101324.213	101324.212	101324.208	101324.215	0.00689511625	0	0	0	0	0	3
134	279	0	0.949536607	101324.213	101324.212	101324.208	101324.215	0.0064179741	0	0	0	0	0	3
135	281	0	0.956622701	101324.214	101324.212	101324.209	101324.215	0.00591154202	0	0	0	0	0	3
136	283	0	0.963708795	101324.214	101324.213	101324.209	101324.215	0.00542695404	0	0	0	0	0	3
137	285	0	0.970794889	101324.214	101324.213	101324.21	101324.215	0.00493768176	0	0	0	0	0	3
138	287	0	0.977880983	101324.214	101324.213	101324.21	101324.215	0.00446857583	0	0	0	0	0	3
139	289	0	0.984967078	101324.214	101324.213	101324.211	101324.215	0.00396969238	0	0	0	0	0	3
140	291	0	0.992053172	101324.214	101324.213	101324.211	101324.215	0.00352406067	0	0	0	0	0	3
141	293	0	0.999139266	101324.215	101324.213	101324.211	101324.215	0.00352406067	0	0	0	0	0	3
142	295	0	1.00622536	101324.215	101324.213	101324.211	101324.215	0.00352406067	0.00566253224	0	0	0	0	3
143	296	0	1.01331145	101324.215	101324.213	101324.211	101324.215	0.00352406067	0.00566253224	0	0	0	0	3
144	298	0	1.02039755	101324.215	101324.213	101324.211	101324.215	0.00357226227	0.00566253224	0	0	0	0	3
145	300	0	1.02748364	101324.215	101324.213	101324.211	101324.215	0.00357226227	0.00566253224	0	0	0	0	3
146	302	0	1.03456974	101324.215	101324.213	101324.211	101324.215	0.00357226227	0.00566253224	0	0	0	0	3
147	304	0	1.04165583	101324.215	101324.213	101324.211	101324.215	0.00357226227	0.00566253224	0	0	0	0	3
148	306	0	1.04874192	101324.215	101324.213	101324.211	101324.215	0.00357226227	0.00566253224	0	0	0	0	3
149	308	0	1.05582802	101324.215	101324.213	101324.211	101324.215	0.00357226227	0.00566253224	0	0	0	0	3
150	310	0	1.06291411	101324.215	101324.213	101324.211	101324.215	0.00357226227	0.00566253224	0	0	0	0	3
151	312	0	1.07000021	101324.215	101324.213	101324.211	101324.215	0.00357226227	0.00566253224	0	0	0	0	3
152	314	0	1.0770863	101324.214	101324.213	101324.211	101324.215	0.00357226227	0.00566253224	0	0	0	0	3
153	316	0	1.08417239	101324.214	101324.213	101324.211	101324.215	0.00357226227	0.00566253224	0	0	0	0	3
154	318	0	1.09125849	101324.214	101324.213	101324.211	101324.215	0.00357226227	0.00566253224	0	0	0	0	3
155	319	0	1.09834458	101324.214	101324.213	101324.211	101324.215	0.00357226227	0.00566253224	0	0	0	0	3
156	321	0	1.10543068	101324.214	101324.213	101324.211	101324.215	0.00357226227	0.00566253224	0	0	0	0	3
157	323	0	1.11251677	101324.214	101324.213	101324.211	101324.215	0.00357226227	0.00566253224	0	0	0	0	3
158	325	0	1.11960287	101324.214	101324.213	101324.211	101324.215	0.00357226227	0.00566253224	0	0	0	0	3
159	327	0	1.12668896	101324.214	101324.213	101324.211	101324.215	0.00357226227	0.00566253224	0	0	0	0	3
160	329	0	1.13377505	101324.214	101324.213	101324.211	101324.215	0.00357226227	0.00566253224	0	0	0	0	3
161	331	0	1.14086115	101324.214	101324.213	101324.211	101324.215	0.00357226227	0.00566253224	0	0	0	0	3
162	333	0	1.14794724	101324.214	101324.213	101324.211	101324.215	0.00357226227	0.00566253224	0	0	0	0	3
163	335	0	1.15503334	101324.214	101324.213	101324.211	101324.215	0.00357226227	0.00566253224	0	0	0	0	3
164	336	0	1.16211943	101324.214	101324.213	101324.211	101324.215	0.00286883187	0.00566253224	0	0	0	0	3
165	338	0	1.16920552	101324.215	101324.213	101324.211	101324.215	0.0022156214	0.00566253224	0	0	0	0	3
166	340	0	1.17629162	101324.215	101324.213	101324.211	101324.215	0.0022496521	0.00566253224	0	0	0	0	3
167	342	0	1.18337771	101324.215	101324.213	101324.211	101324.215	0.0022963771	0.00566253224	0	0	0	0	3
168	344	0	1.19046381	101324.215	101324.213	101324.211	101324.215	0.00234495262	0.00566253224	0	0	0	0	3
169	346	0	1.1975499	101324.215	101324.213	101324.211	101324.215	0.00239504484	0.00566253224	0	0	0	0	3
170	348	0	1.20463599	101324.215	101324.213	101324.211	101324.215	0.0024466613	0.00566253224	0	0	0	0	3
171	350	0	1.21172209	101324.215	101324.213	101324.211	101324.215	0.00249891702	0.00566253224	0	0	0	0	3
172	352	0	1.21880818	101324.215	101324.214	101324.211	101324.215	0.00255092073	0.00566253224	0	0	0	0	3
173	354	0	1.22589428	101324.215	101324.214	101324.212	101324.215	0.00260165268	0.00566253224	0	0	0	0	3
174	356	0	1.23298037	101324.215	101324.214	101324.212	101324.215	0.00265089542	0.00566253224	0	0	0	0	3
175	358	0	1.24006646	101324.215	101324.214	101324.212	101324.215	0.0026981968	0.00566253224	0	0	0	0	3
176	363	0	1.24715256	101324.215	101324.214	101324.212	101324.215	0.00274320324	0.00566253224	0	0	0	0	3
177	369	0	1.25423865	101324.215	101324.214	101324.212	101324.215	0.00278631772	0.00566253224	0	0	0	0	3
178	374	0	1.26132475	101324.215	101324.214	101324.212	101324.215	0.00282808419	0.00566253224	0	0	0	0	3
179	381	0	1.26841084	101324.215	101324.214	101324.212	101324.215	0.00278966597	0.00566253224	0	0	0	0	3
180	388	0	1.27549693	101324.215	101324.214	101324.212	101324.215	0.00269639227	0.00566253224	0	0	0	0	3
181	394	0	1.28258303	101324.215	101324.214	101324.212	101324.215	0.00264192744	0.00566253224	0	0	0	0	3
182	400	0	1.28966912	101324.215	101324.214	101324.212	101324.215	0.00264192744	0.00566253224	0	0	0	0	3
183	407	0	1.29675522	101324.215	101324.214	101324.212	101324.215	0.00264192744	0.00566253224	0	0	0	0	3
184	414	0	1.30384131	101324.215	101324.214	101324.212	101324.215	0.00264192744	0.00566253224	0	0	0	0	3
185	421	0	1.31092741	101324.215	101324.214	101324.212	101324.215	0.00264192744	0.00566253224	0	0	0	0	3
186	427	0	1.3180135	101324.214	101324.214	101324.212	101324.215	0.00264192744	0.00566253224	0	0	0	0	3
187	433	0	1.32509959	101324.214	101324.214	101324.212	101324.215	0.00264192744	0.00566253224	0	0	0	0	3
188	439	0	1.33218569	101324.214	101324.214	101324.212	101324.215	0.00264192744	0.00566253224	0	0	0	0	3
189	445	0	1.33927178	101324.214	101324.214	101324.212	101324.215	0.00264192744	0.00566253224	0	0	0	0	3
190	451	0	1.34635788	101324.214	101324.214	101324.212	101324.215	0.00264192744	0.00566253224	0	0	0	0	3
191	458	0	1.35344397	101324.214	101324.214	101324.212	101324.215	0.00264192744	0.00566253224	0	0	0	0	3
192	465	0	1.36053006	101324.214	101324.214	101324.212	101324.215	0.00264192744	0.00566253224	0	0	0	0	3
193	472	0	1.36761616	101324.214	101324.214	101324.212	101324.215	0.00264192744	0.00566253224	0	0	0	0	3
194	478	0	1.37470225	101324.214	101324.214	101324.212	101324.215	0.00264192744	0.00566253224	0	0	0	0	3
195	485	0	1.38178835	101324.213	101324.214	101324.212	101324.215	0.0026283231	0.00566253224	0	0	0	0	3
196	491	0	1.38887444	101324.213	101324.214	101324.212	101324.215	0.00258986013	0.00566253224	0	0	0	0	3
197	497	0	1.39596053	101324.213	101324.214	101324.213	101324.215	0.00250033662	0.00566253224	0	0	0	0	3
198	504	0	1.40304663	101324.213	101324.214	101324.213	101324.215	0.00240619596	0.00566253224	0	0	0	0	3
199	509	0	1.41013272	101324.213	101324.214	101324.213	101324.215	0.00230776273	0.00566253224	0	0	0	0	3
200	516	0	1.41721882	101324.213	101324.214	101324.213	101324.215	0.00220960932	0.00566253224	0	0	0	0	3
201	529	0	1.42430491	101324.213	101324.214	101324.213	101324.215	0.002115732	0.00566253224	0	0	0	0	3
202	536	0	1.431391	101324.212	101324.214	101324.212	101324.215	0.0020268323	0.00566253224	0	0	0	0	3
203	542	0	1.4384771	101324.212	101324.214	101324.212	101324.215	0.00194330742	0.00566253224	0	0	0	0	3
204	547	0	1.44556319	101324.212	101324.214	101324.212	101324.215	0.00186595075	0.00566253224	0	0	0	0	3
205	552	0	1.45264929	101324.212	101324.214	101324.212	101324.215	0.00179266423	0.00566253224	0	0	0	0	3
206	557	0	1.45973538	101324.212	101324.214	101324.212	101324.215	0.00172277204	0.00566253224	0	0	0	0	3
207	562	0	1.46682148	101324.212	101324.214	101324.212	101324.215	0.00165803049	0.00566253224	0	0	0	0	3
208	566	0	1.47390757	101324.212	101324.214	101324.212	101324.215	0.00159727078	0.00566253224	0	0	0	0	3
209	572	0	1.48099366	101324.212	101324.214	101324.212	101324.215	0.00154116479	0.00566253224	0	0	0	0	3
210	577	0	1.48807976	101324.211	101324.214	101324.211	101324.215	0.00148956254	0.00566253224	0	0	0	0	3
211	582	0	1.49516585	101324.211	101324.214	101324.211	101324.215	0.00144322842	0.00566253224	0	0	0	0	3
212	587	0	1.50225195	101324.211	101324.214	101324.211	101324.215	0.00140257986	0.00566253224	0	0	0	0	3
213	591	0	1.50933804	101324.211	101324.214	101324.211	101324.215	0.00136889462	0.00566253224	0	0	0	0	3
214	596	0	1.51642413	101324.211	101324.214	101324.211	101324.215	0.00134192873	0.00566253224	0	0	0	0	3
215	601	0	1.52351023	101324.211	101324.214	101324.211	101324.215	0.00132169516	0.00566253224	0	0	0	0	3
216	607	0	1.53059632	101324.211	101324.214	101324.211	101324.215	0.00131654955	0.00566253224	0	0	0	0	3
217	612	0	1.53768242	101324.211	101324.214	101324.211	101324.215	0.00131654955	0.00566253224	0	0	0	0	3
218	616	0	1.54476851	101324.211	101324.214	101324.211	101324.215	0.00131654955	0.00566253224	0	0	0	0	3
219	621	0	1.5518546	101324.211	101324.214	101324.211	101324.215	0.00131654955	0.00566253224	0	0	0	0	3
220	626	0	1.5589407	101324.211	101324.214	101324.211	101324.215	0.00131654955	0.00566253224	0	0	0	0	3
221	631	0	1.56602679	101324.211	101324.214	101324.211	101324.215	0.00131654955	0.00566253224	0	0	0	0	3
222	635	0	1.57311289	101324.211	101324.213	101324.211	101324.215	0.00131654955	0.00566253224	0	0	0	0	3
223	640	0	1.58019898	101324.211	101324.213	101324.211	101324.215	0.00131654955	0.00566253224	0	0	0	0	3
224	645	0	1.58728507	101324.211	101324.213	101324.211	101324.215	0.00131654955	0.00566253224	0	0	0	0	3
225	650	0	1.59437117	101324.211	101324.213	101324.211	101324.215	0.00131654955	0.00566253224	0	0	0	0	3
226	654	0	1.60145726	101324.211	101324.213	101324.211	101324.215	0.00131461651	0.00566253224	0	0	0	0	3
227	659	0	1.60854336	101324.211	101324.213	101324.211	101324.215	0.00130874668	0.00566253224	0	0	0	0	3
228	663	0	1.61562945	101324.212	101324.213	101324.211	101324.215	0.00129819373	0.00566253224	0	0	0	0	3
229	668	0	1.62271555	101324.211	101324.213	101324.211	101324.215	0.00128248158	0.00566253224	0	0	0	0	3
230	673	0	1.62980164	101324.212	101324.213	101324.211	101324.215	0.00126124489	0.00566253224	0	0	0	0	3
231	678	0	1.63688773	101324.212	101324.213	101324.211	101324.215	0.00123402418	0.00566253224	0	0	0	0	3
232	683	0	1.64397383	101324.212	101324.213	101324.211	101324.215	0.00124030394	0.00566253224	0	0	0	0	3
233	687	0	1.65105992	101324.212	101324.213	101324.211	101324.215	0.0012775607	0.00566253224	0	0	0	0	3
234	692	0	1.65814602	101324.212	101324.213	101324.211	101324.215	0.00131531422	0.00566253224	0	0	0	0	3
235	698	0	1.66523211	101324.212	101324.213	101324.211	101324.215	0.00135625353	0.00566253224	0	0	0	0	3
236	702	0	1.6723182	101324.212	101324.213	101324.211	101324.215	0.00139882992	0.00566253224	0	0	0	0	3
237	707	0	1.6794043	101324.211	101324.213	101324.211	101324.215	0.0014432507	0.00566253224	0	0	0	0	3
238	712	0	1.68649039	101324.211	101324.213	101324.211	101324.215	0.00148840724	0.00566253224	0	0	0	0	3
239	717	0	1.69357649	101324.211	101324.213	101324.211	101324.215	0.00153436963	0.00566253224	0	0	0	0	3
240	722	0	1.70066258	101324.212	101324.213	101324.211	101324.215	0.00157993419	0.00566253224	0	0	0	0	3
241	726	0	1.70774867	101324.212	101324.213	101324.211	101324.215	0.00162700926	0.00566253224	0	0	0	0	3
242	731	0	1.71483477	101324.212	101324.213	101324.211	101324.215	0.00167494061	0.00566253224	0	0	0	0	3
243	736	0	1.72192086	101324.212	101324.213	101324.211	101324.215	0.00172364069	0.00566253224	0	0	0	0	3
244	741	0	1.72900696	101324.212	101324.213	101324.211	101324.215	0.00177261718	0.00566253224	0	0	0	0	3
245	745	0	1.73609305	101324.212	101324.212	101324.211	101324.215	0.00182198026	0.00566253224	0	0	0	0	3
246	750	0	1.74317914	101324.212	101324.212	101324.211	101324.215	0.00187086719	0.00566253224	0	0	0	0	3
247	754	0	1.75026524	101324.212	101324.212	101324.211	101324.215	0.00191863402	0.00566253224	0	0	0	0	3
248	759	0	1.75735133	101324.212	101324.212	101324.211	101324.215	0.0019659445	0.00566253224	0	0	0	0	3
249	764	0	1.76443743	101324.212	101324.212	101324.211	101324.215	0.00201290344	0.00566253224	0	0	0	0	3
250	768	0	1.77152352	101324.212	101324.212	101324.211	101324.215	0.00205965126	0.00566253224	0	0	0	0	3
251	773	0	1.77860961	101324.212	101324.212	101324.211	101324.215	0.00210574771	0.00566253224	0	0	0	0	3
252	778	0	1.78569571	101324.212	101324.212	101324.211	101324.215	0.00215044622	0.00566253224	0	0	0	0	3
253	783	0	1.7927818	101324.212	101324.212	101324.211	101324.215	0.00219386809	0.00566253224	0	0	0	0	3
254	787	0	1.7998679	101324.212	101324.212	101324.211	101324.215	0.00223619737	0.00566253224	0	0	0	0	3
255	792	0	1.80695399	101324.212	101324.212	101324.211	101324.215	0.00227604501	0.00566253224	0	0	0	0	3
256	796	0	1.81404009	101324.212	101324.212	101324.211	101324.214	0.00231510522	0.00566253224	0	0	0	0	3
257	801	0	1.82112618	101324.212	101324.212	101324.211	101324.214	0.00235328737	0.00566253224	0	0	0	0	3
258	806	0	1.82821227	101324.212	101324.212	101324.211	101324.214	0.00239175698	0.00566253224	0	0	0	0	3
259	811	0	1.83529837	101324.212	101324.212	101324.211	101324.214	0.00242947967	0.00566253224	0	0	0	0	3
260	816	0	1.84238446	101324.212	101324.212	101324.211	101324.214	0.00246566154	0.00566253224	0	0	0	0	3
261	821	0	1.84947056	101324.212	101324.212	101324.211	101324.214	0.00249964232	0.00566253224	0	0	0	0	3
262	826	0	1.85655665	101324.212	101324.212	101324.211	101324.214	0.00253226387	0.00566253224	0	0	0	0	3
263	831	0	1.86364274	101324.212	101324.212	101324.211	101324.214	0.00256283201	0.00566253224	0	0	0	0	3
264	836	0	1.87072884	101324.212	101324.212	101324.211	101324.214	0.00259273264	0.00566253224	0	0	0	0	3
265	840	0	1.87781493	101324.211	101324.212	101324.211	101324.213	0.00247851392	0.00566253224	0	0	0	0	3
266	845	0	1.88490103	101324.211	101324.212	101324.211	101324.213	0.00233927152	0.00566253224	0	0	0	0	3
267	850	0	1.89198712	101324.211	101324.212	101324.211	101324.213	0.002228329	0.00566253224	0	0	0	0	3
268	854	0	1.89907321	101324.211	101324.212	101324.211	101324.213	0.00208312355	0.00566253224	0	0	0	0	3
269	859	0	1.90615931	101324.211	101324.212	101324.211	101324.213	0.00188251922	0.00566253224	0	0	0	0	3
270	863	0	1.9132454	101324.211	101324.212	101324.211	101324.213	0.00176752983	0.00566253224	0	0	0	0	3
271	868	0	1.9203315	101324.211	101324.212	101324.211	101324.213	0.00157385906	0.00566253224	0	0	0	0	3
272	873	0	1.92741759	101324.211	101324.212	101324.211	101324.212	0.00141301575	0.00566253224	0	0	0	0	3
273	878	0	1.93450368	101324.211	101324.211	101324.211	101324.212	0.00124973377	0.00566253224	0	0	0	0	3
274	884	0	1.94158978	101324.211	101324.211	101324.211	101324.212	0.00108949999	0.00566253224	0	0	0	0	3
275	889	0	1.94867587	101324.211	101324.211	101324.211	101324.212	0.000983430145	0.00566253224	0	0	0	0	3
276	893	0	1.95576197	101324.211	101324.211	101324.211	101324.212	0.000871644632	0.00566253224	0	0	0	0	3
277	898	0	1.96284806	101324.211	101324.211	101324.211	101324.212	0.000766573779	0.00566253224	0	0	0	0	3
278	903	0	1.96993416	101324.211	101324.211	101324.211	101324.212	0.000766573779	0.00566253224	0	0	0	0	3
279	908	0	1.97702025	101324.211	101324.211	101324.211	101324.212	0.000766573779	0.00566253224	0	0	0	0	3
280	912	0	1.98410634	101324.211	101324.211	101324.211	101324.212	0.000766573779	0.00566253224	0	0	0	0	3
281	917	0	1.99119244	101324.211	101324.211	101324.211	101324.212	0.000766573779	0.00566253224	0	0	0	0	3
282	922	0	1.99827853	101324.211	101324.211	101324.211	101324.212	0.000766573779	0.00566253224	0	0	0	0	3
283	927	0	2.00536463	101324.211	101324.211	101324.211	101324.212	0.000766573779	0.00566253224	0	0	0	0	3
284	932	0	2.01245072	101324.211	101324.211	101324.211	101324.212	0.000766573779	0.00566253224	0	0	0	0	3
285	937	0	2.01953681	101324.211	101324.211	101324.211	101324.212	0.000766573779	0.00566253224	0	0	0	0	3
286	943	0	2.02662291	101324.211	101324.211	101324.211	101324.212	0.000766573779	0.00566253224	0	0	0	0	3
287	948	0	2.033709	101324.211	101324.211	101324.211	101324.212	0.000766573779	0.00566253224	0	0	0	0	3
288	953	0	2.0407951	101324.211	101324.211	101324.211	101324.212	0.000766573779	0.00566253224	0	0	0	0	3
289	958	0	2.04788119	101324.211	101324.211	101324.211	101324.212	0.000766573779	0.00566253224	0	0	0	0	3
290	963	0	2.05496728	101324.211	101324.211	101324.211	101324.212	0.000766573779	0.00566253224	0	0	0	0	3
291	968	0	2.06205338	101324.211	101324.211	101324.211	101324.212	0.000766573779	0.00566253224	0	0	0	0	3
292	972	0	2.06913947	101324.211	101324.211	101324.211	101324.212	0.000704010643	0.00566253224	0	0	0	0	3
293	977	0	2.07622557	101324.211	101324.211	101324.211	101324.212	0.000681644466	0.00566253224	0	0	0	0	3
294	982	0	2.08331166	101324.211	101324.211	101324.211	101324.212	0.000607980997	0.00566253224	0	0	0	0	3
295	987	0	2.09039775	101324.211	101324.211	101324.211	101324.212	0.000607980997	0.00566253224	0	0	0	0	3
296	992	0	2.09748385	101324.211	101324.211	101324.211	101324.212	0.000607980997	0.00566253224	0	0	0	0	3
297	997	0	2.10456994	101324.211	101324.211	101324.211	101324.212	0.000607980997	0.00566253224	0	0	0	0	3
298	1002	0	2.11165604	101324.211	101324.211	101324.211	101324.212	0.000607980997	0.00566253224	0	0	0	0	3
299	1007	0	2.11874213	101324.211	101324.211	101324.211	101324.212	0.000607980997	0.00566253224	0	0	0	0	3
300	1012	0	2.12582822	101324.211	101324.211	101324.211	101324.212	0.000607980997	0.00566253224	0	0	0	0	3
301	1024	0	2.13291432	101324.211	101324.211	101324.211	101324.212	0.000607980997	0.00566253224	0	0	0	0	3
302	1029	0	2.14000041	101324.211	101324.211	101324.211	101324.212	0.000628903261	0.00566253224	0	0	0	0	3
303	1034	0	2.14708651	101324.211	101324.211	101324.211	101324.212	0.000671545247	0.00566253224	0	0	0	0	3
304	1039	0	2.1541726	101324.211	101324.211	101324.211	101324.212	0.000671545247	0.00566253224	0	0	0	0	3
305	1044	0	2.1612587	101324.211	101324.211	101324.211	101324.212	0.000677563308	0.00566253224	0	0	0	0	3
306	1049	0	2.16834479	101324.211	101324.211	101324.211	101324.212	0.000677563308	0.00566253224	0	0	0	0	3
307	1054	0	2.17543088	101324.211	101324.211	101324.211	101324.212	0.000677563308	0.00566253224	0	0	0	0	3
308	1058	0	2.18251698	101324.211	101324.211	101324.211	101324.212	0.000677563308	0.00566253224	0	0	0	0	3
309	1063	0	2.18960307	101324.211	101324.211	101324.211	101324.212	0.000684115745	0.00566253224	0	0	0	0	3
310	1068	0	2.19668917	101324.211	101324.211	101324.211	101324.212	0.000728336119	0.00566253224	0	0	0	0	3
311	1073	0	2.20377526	101324.211	101324.211	101324.211	101324.212	0.000728336119	0.00566253224	0	0	0	0	3
312	1078	0	2.21086135	101324.211	101324.211	101324.211	101324.212	0.000728336119	0.00566253224	0	0	0	0	3
313	1083	0	2.21794745	101324.211	101324.211	101324.211	101324.212	0.000728336119	0.00566253224	0	0	0	0	3
314	1087	0	2.22503354	101324.211	101324.211	101324.211	101324.212	0.000728336119	0.00566253224	0	0	0	0	3
315	1092	0	2.23211964	101324.211	101324.211	101324.211	101324.212	0.000728336119	0.00566253224	0	0	0	0	3
316	1097	0	2.23920573	101324.211	101324.211	101324.211	101324.212	0.000728336119	0.00566253224	0	0	0	0	3
317	1102	0	2.24629182	101324.211	101324.211	101324.211	101324.212	0.000728336119	0.00566253224	0	0	0	0	3
318	1107	0	2.25337792	101324.211	101324.211	101324.211	101324.212	0.000728336119	0.00566253224	0	0	0	0	3
319	1111	0	2.26046401	101324.211	101324.211	101324.211	101324.212	0.000728336119	0.00566253224	0	0	0	0	3
320	1116	0	2.26755011	101324.211	101324.211	101324.211	101324.212	0.000728336119	0.00566253224	0	0	0	0	3
321	1121	0	2.2746362	101324.211	101324.211	101324.211	101324.212	0.000728336119	0.00566253224	0	0	0	0	3
322	1126	0	2.28172229	101324.211	101324.211	101324.211	101324.212	0.000728336119	0.00566253224	0	0	0	0	3
323	1131	0	2.28880839	101324.211	101324.211	101324.211	101324.212	0.000728336119	0.00566253224	0	0	0	0	3
324	1135	0	2.29589448	101324.211	101324.211	101324.211	101324.212	0.000728336119	0.00566253224	0	0	0	0	3
325	1141	0	2.30298058	101324.211	101324.211	101324.211	101324.212	0.000703228536	0.00566253224	0	0	0	0	3
326	1146	0	2.31006667	101324.211	101324.211	101324.211	101324.212	0.000668138062	0.00566253224	0	0	0	0	3
327	1151	0	2.31715277	101324.212	101324.211	101324.211	101324.212	0.000633070405	0.00566253224	0	0	0	0	3
328	1156	0	2.32423886	101324.212	101324.211	101324.211	101324.212	0.000596953221	0.00566253224	0	0	0	0	3
329	1162	0	2.33132495	101324.212	101324.211	101324.211	101324.212	0.000561239052	0.00566253224	0	0	0	0	3
330	1166	0	2.33841105	101324.212	101324.211	101324.211	101324.212	0.000527100667	0.00566253224	0	0	0	0	3
331	1172	0	2.34549714	101324.211	101324.211	101324.211	101324.212	0.000497323301	0.00566253224	0	0	0	0	3
332	1176	0	2.35258324	101324.211	101324.211	101324.211	101324.212	0.000468963306	0.00566253224	0	0	0	0	3
333	1181	0	2.35966933	101324.211	101324.211	101324.211	101324.212	0.000443817422	0.00566253224	0	0	0	0	3
334	1186	0	2.36675542	101324.211	101324.211	101324.211	101324.212	0.000418706826	0.00566253224	0	0	0	0	3
335	1192	0	2.37384152	101324.211	101324.211	101324.211	101324.212	0.000392216927	0.00566253224	0	0	0	0	3
336	1198	0	2.38092761	101324.211	101324.211	101324.211	101324.212	0.000365586049	0.00566253224	0	0	0	0	3
337	1203	0	2.38801371	101324.211	101324.211	101324.211	101324.212	0.000340609622	0.00566253224	0	0	0	0	3
338	1209	0	2.3950998	101324.211	101324.211	101324.211	101324.212	0.000316612335	0.00566253224	0	0	0	0	3
339	1214	0	2.40218589	101324.211	101324.211	101324.211	101324.212	0.000295245263	0.00566253224	0	0	0	0	3
340	1220	0	2.40927199	101324.211	101324.211	101324.211	101324.212	0.000277039071	0.00566253224	0	0	0	0	3
341	1224	0	2.41635808	101324.211	101324.211	101324.211	101324.212	0.000260970526	0.00566253224	0	0	0	0	3
342	1229	0	2.42344418	101324.211	101324.211	101324.211	101324.212	0.000245601928	0.00566253224	0	0	0	0	3
343	1234	0	2.43053027	101324.211	101324.211	101324.211	101324.212	0.00023250388	0.00566253224	0	0	0	0	3
344	1239	0	2.43761636	101324.211	101324.211	101324.211	101324.212	0.000223068069	0.00566253224	0	0	0	0	3
345	1244	0	2.44470246	101324.211	101324.211	101324.211	101324.212	0.000224828356	0.00566253224	0	0	0	0	3
346	1249	0	2.45178855	101324.211	101324.211	101324.211	101324.212	0.000226166914	0.00566253224	0	0	0	0	3
347	1254	0	2.45887465	101324.211	101324.211	101324.211	101324.212	0.000228219418	0.00566253224	0	0	0	0	3
348	1259	0	2.46596074	101324.211	101324.211	101324.211	101324.212	0.000231140439	0.00566253224	0	0	0	0	3
349	1264	0	2.47304683	101324.211	101324.211	101324.211	101324.212	0.000234905281	0.00566253224	0	0	0	0	3
350	1269	0	2.48013293	101324.211	101324.211	101324.211	101324.212	0.000239321613	0.00566253224	0	0	0	0	3
351	1273	0	2.48721902	101324.211	101324.211	101324.211	101324.212	0.000245179908	0.00566253224	0	0	0	0	3
352	1278	0	2.49430512	101324.211	101324.211	101324.211	101324.212	0.000251140649	0.00566253224	0	0	0	0	3
353	1283	0	2.50139121	101324.211	101324.211	101324.211	101324.212	0.000259469962	0.00566253224	0	0	0	0	3
354	1288	0	2.50847731	101324.211	101324.211	101324.211	101324.212	0.000268000891	0.00566253224	0	0	0	0	3
355	1293	0	2.5155634	101324.211	101324.211	101324.211	101324.212	0.000277499828	0.00566253224	0	0	0	0	3
356	1297	0	2.52264949	101324.211	101324.211	101324.211	101324.212	0.000286362338	0.00566253224	0	0	0	0	3
357	1302	0	2.52973559	101324.211	101324.211	101324.211	101324.212	0.000295063306	0.00566253224	0	0	0	0	3
358	1307	0	2.53682168	101324.211	101324.211	101324.211	101324.212	0.000302667948	0.00566253224	0	0	0	0	3
359	1312	0	2.54390778	101324.211	101324.211	101324.211	101324.212	0.000309487747	0.00566253224	0	0	0	0	3
360	1316	0	2.55099387	101324.211	101324.211	101324.211	101324.212	0.000315153709	0.00566253224	0	0	0	0	3
361	1321	0	2.55807996	101324.211	101324.211	101324.211	101324.212	0.000320991967	0.00566253224	0	0	0	0	3
362	1326	0	2.56516606	101324.211	101324.211	101324.211	101324.212	0.00032647248	0.00566253224	0	0	0	0	3
363	1331	0	2.57225215	101324.211	101324.211	101324.211	101324.212	0.000332296098	0.00566253224	0	0	0	0	3
364	1337	0	2.57933825	101324.211	101324.211	101324.211	101324.212	0.00033714177	0.00566253224	0	0	0	0	3
365	1341	0	2.58642434	101324.211	101324.211	101324.211	101324.212	0.000341311796	0.00566253224	0	0	0	0	3
366	1346	0	2.59351043	101324.211	101324.211	101324.211	101324.212	0.000342171086	0.00566253224	0	0	0	0	3
367	1351	0	2.60059653	101324.211	101324.211	101324.211	101324.212	0.000341447289	0.00566253224	0	0	0	0	3
368	1356	0	2.60768262	101324.211	101324.211	101324.211	101324.212	0.000340771643	0.00566253224	0	0	0	0	3
369	1361	0	2.61476872	101324.211	101324.211	101324.211	101324.212	0.000339792678	0.00566253224	0	0	0	0	3
370	1365	0	2.62185481	101324.211	101324.211	101324.211	101324.212	0.000339306876	0.00566253224	0	0	0	0	3
371	1370	0	2.6289409	101324.211	101324.211	101324.211	101324.212	0.000337269114	0.00566253224	0	0	0	0	3
372	1375	0	2.636027	101324.211	101324.211	101324.211	101324.212	0.000333579592	0.00566253224	0	0	0	0	3
373	1380	0	2.64311309	101324.211	101324.211	101324.211	101324.212	0.000326947222	0.00566253224	0	0	0	0	3
374	1386	0	2.65019919	101324.211	101324.211	101324.211	101324.212	0.000319794912	0.00566253224	0	0	0	0	3
375	1390	0	2.65728528	101324.211	101324.211	101324.211	101324.212	0.00031200728	0.00566253224	0	0	0	0	3
376	1395	0	2.66437138	101324.211	101324.211	101324.211	101324.212	0.000307086666	0.00566253224	0	0	0	0	3
377	1400	0	2.67145747	101324.211	101324.211	101324.211	101324.212	0.00030264433	0.00566253224	0	0	0	0	3
378	1405	0	2.67854356	101324.211	101324.211	101324.211	101324.212	0.00029886479	0.00566253224	0	0	0	0	3
379	1411	0	2.68562966	101324.211	101324.211	101324.211	101324.212	0.000295136473	0.00566253224	0	0	0	0	3
380	1415	0	2.69271575	101324.211	101324.211	101324.211	101324.212	0.000289691408	0.00566253224	0	0	0	0	3
381	1420	0	2.69980185	101324.211	101324.211	101324.211	101324.212	0.000282920097	0.00566253224	0	0	0	0	3
382	1425	0	2.70688794	101324.211	101324.211	101324.211	101324.212	0.000277554005	0.00566253224	0	0	0	0	3
383	1429	0	2.71397403	101324.211	101324.211	101324.211	101324.212	0.000272951118	0.00566253224	0	0	0	0	3
384	1434	0	2.72106013	101324.211	101324.211	101324.211	101324.212	0.000270539138	0.00566253224	0	0	0	0	3
385	1439	0	2.72814622	101324.211	101324.211	101324.211	101324.212	0.000268756907	0.00566253224	0	0	0	0	3
386	1443	0	2.73523232	101324.211	101324.211	101324.211	101324.212	0.000266771458	0.00566253224	0	0	0	0	3
387	1448	0	2.74231841	101324.211	101324.211	101324.211	101324.212	0.000264287577	0.00566253224	0	0	0	0	3
388	1453	0	2.7494045	101324.211	101324.211	101324.211	101324.212	0.000260092202	0.00566253224	0	0	0	0	3
389	1458	0	2.7564906	101324.211	101324.211	101324.211	101324.212	0.000255811567	0.00566253224	0	0	0	0	3
390	1463	0	2.76357669	101324.211	101324.211	101324.211	101324.212	0.000250810772	0.00566253224	0	0	0	0	3
391	1468	0	2.77066279	101324.211	101324.211	101324.211	101324.212	0.000247102173	0.00566253224	0	0	0	0	3
392	1473	0	2.77774888	101324.211	101324.211	101324.211	101324.212	0.00024447235	0.00566253224	0	0	0	0	3
393	1479	0	2.78483497	101324.211	101324.211	101324.211	101324.212	0.00024262238	0.00566253224	0	0	0	0	3
394	1484	0	2.79192107	101324.211	101324.211	101324.211	101324.212	0.000242152411	0.00566253224	0	0	0	0	3
395	1489	0	2.79900716	101324.211	101324.211	101324.211	101324.212	0.000242179551	0.00566253224	0	0	0	0	3
396	1493	0	2.80609326	101324.211	101324.211	101324.211	101324.212	0.000243143746	0.00566253224	0	0	0	0	3
397	1498	0	2.81317935	101324.211	101324.211	101324.211	101324.212	0.000245870993	0.00566253224	0	0	0	0	3
398	1503	0	2.82026545	101324.211	101324.211	101324.211	101324.212	0.000249907593	0.00566253224	0	0	0	0	3
399	1508	0	2.82735154	101324.211	101324.211	101324.211	101324.212	0.000255048668	0.00566253224	0	0	0	0	3
400	1513	0	2.83443763	101324.211	101324.211	101324.211	101324.212	0.000259138847	0.00566253224	0	0	0	0	3
401	1525	0	2.84152373	101324.211	101324.211	101324.211	101324.211	0.000260749744	0.00566253224	0	0	0	0	3
402	1530	0	2.84860982	101324.211	101324.211	101324.211	101324.211	0.00026074714	0.00566253224	0	0	0	0	3
403	1535	0	2.85569592	101324.211	101324.211	101324.211	101324.211	0.000258710395	0.00566253224	0	0	0	0	3
404	1540	0	2.86278201	101324.211	101324.211	101324.211	101324.211	0.000255227395	0.00566253224	0	0	0	0	3
405	1545	0	2.8698681	101324.211	101324.211	101324.211	101324.211	0.000253130682	0.00566253224	0	0	0	0	3
406	1550	0	2.8769542	101324.211	101324.211	101324.211	101324.211	0.000251817633	0.00566253224	0	0	0	0	3
407	1555	0	2.88404029	101324.211	101324.211	101324.211	101324.211	0.000250181663	0.00566253224	0	0	0	0	3
408	1560	0	2.89112639	101324.211	101324.211	101324.211	101324.211	0.000249187811	0.00566253224	0	0	0	0	3
409	1564	0	2.89821248	101324.211	101324.211	101324.211	101324.211	0.000247110918	0.00566253224	0	0	0	0	3
410	1569	0	2.90529857	101324.212	101324.211	101324.211	101324.212	0.000245360163	0.00566253224	0	0	0	0	3
411	1574	0	2.91238467	101324.212	101324.211	101324.211	101324.212	0.000242487076	0.00566253224	0	0	0	0	3
412	1579	0	2.91947076	101324.212	101324.211	101324.211	101324.212	0.000241380636	0.00566253224	0	0	0	0	3
413	1584	0	2.92655686	101324.212	101324.211	101324.211	101324.212	0.000239621149	0.00566253224	0	0	0	0	3
414	1589	0	2.93364295	101324.212	101324.211	101324.211	101324.212	0.000239144094	0.00566253224	0	0	0	0	3
415	1593	0	2.94072904	101324.212	101324.211	101324.211	101324.212	0.000237383807	0.00566253224	0	0	0	0	3
416	1598	0	2.94781514	101324.212	101324.211	101324.211	101324.212	0.000236045249	0.00566253224	0	0	0	0	3
417	1602	0	2.95490123	101324.212	101324.211	101324.211	101324.212	0.000233992745	0.00566253224	0	0	0	0	3
418	1607	0	2.96198733	101324.212	101324.211	101324.211	101324.212	0.000231071725	0.00566253224	0	0	0	0	3
419	1612	0	2.96907342	101324.212	101324.211	101324.211	101324.212	0.000227306882	0.00566253224	0	0	0	0	3
420	1617	0	2.97615951	101324.212	101324.211	101324.211	101324.212	0.000222890551	0.00566253224	0	0	0	0	3
421	1622	0	2.98324561	101324.212	101324.211	101324.211	101324.212	0.000217032255	0.00566253224	0	0	0	0	3
422	1627	0	2.9903317	101324.212	101324.211	101324.211	101324.212	0.000211071514	0.00566253224	0	0	0	0	3
423	1631	0	2.9974178	101324.212	101324.211	101324.211	101324.212	0.000202742202	0.00566253224	0	0	0	0	3
424	1636	0	3.00450389	101324.212	101324.211	101324.211	101324.212	0.000194211272	0.00566253224	0	0	0	0	3
425	1641	0	3.01158999	101324.212	101324.211	101324.211	101324.212	0.000184712335	0.00566253224	0	0	0	0	3
426	1647	0	3.01867608	101324.212	101324.211	101324.211	101324.212	0.000175849826	0.00566253224	0	0	0	0	3
427	1652	0	3.02576217	101324.212	101324.211	101324.211	101324.212	0.000167148857	0.00566253224	0	0	0	0	3
428	1657	0	3.03284827	101324.212	101324.211	101324.211	101324.212	0.000171642401	0.00566253224	0	0	0	0	3
429	1662	0	3.03993436	101324.212	101324.211	101324.211	101324.212	0.000187548358	0.00566253224	0	0	0	0	3
430	1667	0	3.04702046	101324.212	101324.211	101324.211	101324.212	0.000202982526	0.00566253224	0	0	0	0	3
431	1671	0	3.05410655	101324.212	101324.211	101324.211	101324.212	0.000217067005	0.00566253224	0	0	0	0	3
432	1677	0	3.06119264	101324.212	101324.211	101324.211	101324.212	0.000230642778	0.00566253224	0	0	0	0	3
433	1682	0	3.06827874	101324.212	101324.211	101324.211	101324.212	0.000242433336	0.00566253224	0	0	0	0	3
434	1687	0	3.07536483	101324.212	101324.211	101324.211	101324.212	0.000253998107	0.00566253224	0	0	0	0	3
435	1692	0	3.08245093	101324.212	101324.211	101324.211	101324.212	0.00026403935	0.00566253224	0	0	0	0	3
436	1696	0	3.08953702	101324.212	101324.211	101324.211	101324.212	0.000273276004	0.00566253224	0	0	0	0	3
437	1701	0	3.09662311	101324.212	101324.211	101324.211	101324.212	0.00028036916	0.00566253224	0	0	0	0	3
438	1707	0	3.10370921	101324.212	101324.211	101324.211	101324.212	0.000287011659	0.00566253224	0	0	0	0	3
439	1712	0	3.1107953	101324.211	101324.211	101324.211	101324.212	0.000290193842	0.00566253224	0	0	0	0	3
440	1716	0	3.1178814	101324.211	101324.211	101324.211	101324.212	0.000293651552	0.00566253224	0	0	0	0	3
441	1721	0	3.12496749	101324.211	101324.211	101324.211	101324.212	0.0002961055	0.00566253224	0	0	0	0	3
442	1726	0	3.13205358	101324.211	101324.211	101324.211	101324.212	0.000298071085	0.00566253224	0	0	0	0	3
443	1730	0	3.13913968	101324.211	101324.211	101324.211	101324.212	0.00029934512	0.00566253224	0	0	0	0	3
444	1736	0	3.14622577	101324.211	101324.211	101324.211	101324.212	0.000301008127	0.00566253224	0	0	0	0	3
445	1741	0	3.15331187	101324.211	101324.211	101324.211	101324.212	0.000302247601	0.00566253224	0	0	0	0	3
446	1745	0	3.16039796	101324.211	101324.211	101324.211	101324.212	0.000303284542	0.00566253224	0	0	0	0	3
447	1751	0	3.16748406	101324.211	101324.211	101324.211	101324.212	0.000303935594	0.00566253224	0	0	0	0	3
448	1756	0	3.17457015	101324.211	101324.211	101324.211	101324.212	0.000304404035	0.00566253224	0	0	0	0	3
449	1761	0	3.18165624	101324.211	101324.211	101324.211	101324.212	0.000304404035	0.00566253224	0	0	0	0	3
450	1766	0	3.18874234	101324.211	101324.211	101324.211	101324.212	0.00030469762	0.00566253224	0	0	0	0	3
451	1770	0	3.19582843	101324.211	101324.211	101324.211	101324.212	0.00030469762	0.00566253224	0	0	0	0	3
452	1775	0	3.20291453	101324.211	101324.211	101324.211	101324.212	0.000305156893	0.00566253224	0	0	0	0	3
453	1779	0	3.21000062	101324.211	101324.211	101324.211	101324.212	0.000306291608	0.00566253224	0	0	0	0	3
454	1784	0	3.21708671	101324.211	101324.211	101324.211	101324.212	0.000306665723	0.00566253224	0	0	0	0	3
455	1788	0	3.22417281	101324.211	101324.211	101324.211	101324.212	0.00030668304	0.00566253224	0	0	0	0	3
456	1794	0	3.2312589	101324.211	101324.211	101324.211	101324.212	0.000307186099	0.00566253224	0	0	0	0	3
457	1798	0	3.238345	101324.211	101324.211	101324.211	101324.212	0.00030756036	0.00566253224	0	0	0	0	3
458	1804	0	3.24543109	101324.211	101324.211	101324.211	101324.212	0.000309253897	0.00566253224	0	0	0	0	3
459	1809	0	3.25251718	101324.211	101324.211	101324.211	101324.212	0.000309868352	0.00566253224	0	0	0	0	3
460	1814	0	3.25960328	101324.211	101324.211	101324.211	101324.212	0.000310443123	0.00566253224	0	0	0	0	3
461	1818	0	3.26668937	101324.211	101324.211	101324.211	101324.212	0.000310443123	0.00566253224	0	0	0	0	3
462	1823	0	3.27377547	101324.211	101324.211	101324.211	101324.212	0.000310443123	0.00566253224	0	0	0	0	3
463	1827	0	3.28086156	101324.211	101324.211	101324.211	101324.212	0.000310443123	0.00566253224	0	0	0	0	3
464	1833	0	3.28794765	101324.211	101324.211	101324.211	101324.212	0.000310443123	0.00566253224	0	0	0	0	3
465	1837	0	3.29503375	101324.211	101324.211	101324.211	101324.212	0.000310443123	0.00566253224	0	0	0	0	3
466	1842	0	3.30211984	101324.211	101324.211	101324.211	101324.212	0.000310443123	0.00566253224	0	0	0	0	3
467	1848	0	3.30920594	101324.211	101324.211	101324.211	101324.212	0.000310443123	0.00566253224	0	0	0	0	3
468	1853	0	3.31629203	101324.211	101324.211	101324.211	101324.212	0.000310443123	0.00566253224	0	0	0	0	3
469	1858	0	3.32337812	101324.21	101324.211	101324.21	101324.212	0.000310443123	0.00566253224	0	0	0	0	3
470	1862	0	3.33046422	101324.21	101324.211	101324.21	101324.212	0.000310443123	0.00566253224	0	0	0	0	3
471	1868	0	3.33755031	101324.21	101324.211	101324.21	101324.212	0.000310443123	0.00566253224	0	0	0	0	3
472	1873	0	3.34463641	101324.21	101324.211	101324.21	101324.212	0.000310443123	0.00566253224	0	0	0	0	3
473	1878	0	3.3517225	101324.21	101324.211	101324.21	101324.212	0.000310443123	0.00566253224	0	0	0	0	3
474	1883	0	3.3588086	101324.21	101324.211	101324.21	101324.212	0.000310443123	0.00566253224	0	0	0	0	3
475	1888	0	3.36589469	101324.21	101324.211	101324.21	101324.212	0.000310443123	0.00566253224	0	0	0	0	3
476	1892	0	3.37298078	101324.211	101324.211	101324.21	101324.212	0.000310419578	0.00566253224	0	0	0	0	3
477	1897	0	3.38006688	101324.211	101324.211	101324.21	101324.212	0.000310419578	0.00566253224	0	0	0	0	3
478	1902	0	3.38715297	101324.211	101324.211	101324.21	101324.212	0.000309538504	0.00566253224	0	0	0	0	3
479	1907	0	3.39423907	101324.211	101324.211	101324.21	101324.212	0.000308708855	0.00566253224	0	0	0	0	3
480	1912	0	3.40132516	101324.211	101324.211	101324.21	101324.212	0.000305220878	0.00566253224	0	0	0	0	3
481	1917	0	3.40841125	101324.211	101324.211	101324.21	101324.212	0.000301499575	0.00566253224	0	0	0	0	3
482	1921	0	3.41549735	101324.211	101324.211	101324.21	101324.212	0.000295131729	0.00566253224	0	0	0	0	3
483	1926	0	3.42258344	101324.211	101324.211	101324.21	101324.212	0.000290446726	0.00566253224	0	0	0	0	3
484	1930	0	3.42966954	101324.211	101324.211	101324.21	101324.212	0.000284325739	0.00566253224	0	0	0	0	3
485	1935	0	3.43675563	101324.211	101324.211	101324.21	101324.212	0.000279140382	0.00566253224	0	0	0	0	3
486	1940	0	3.44384172	101324.211	101324.211	101324.21	101324.212	0.000272423858	0.00566253224	0	0	0	0	3
487	1945	0	3.45092782	101324.211	101324.211	101324.21	101324.212	0.000265979048	0.00566253224	0	0	0	0	3
488	1950	0	3.45801391	101324.211	101324.211	101324.21	101324.212	0.00025783504	0.00566253224	0	0	0	0	3
489	1955	0	3.46510001	101324.211	101324.211	101324.21	101324.212	0.000248924553	0.00566253224	0	0	0	0	3
490	1959	0	3.4721861	101324.211	101324.211	101324.21	101324.212	0.000240011825	0.00566253224	0	0	0	0	3
491	1965	0	3.47927219	101324.211	101324.211	101324.21	101324.212	0.000248475873	0.00566253224	0	0	0	0	3
492	1969	0	3.48635829	101324.211	101324.211	101324.21	101324.212	0.000255922962	0.00566253224	0	0	0	0	3
493	1974	0	3.49344438	101324.211	101324.211	101324.21	101324.212	0.000264640272	0.00566253224	0	0	0	0	3
494	1978	0	3.50053048	101324.211	101324.211	101324.21	101324.212	0.000271293291	0.00566253224	0	0	0	0	3
495	1984	0	3.50761657	101324.211	101324.211	101324.21	101324.212	0.000278206047	0.00566253224	0	0	0	0	3
496	1989	0	3.51470267	101324.211	101324.211	101324.21	101324.212	0.000283382367	0.00566253224	0	0	0	0	3
497	1994	0	3.52178876	101324.211	101324.211	101324.21	101324.212	0.000288711803	0.00566253224	0	0	0	0	3
498	1999	0	3.52887485	101324.211	101324.211	101324.21	101324.212	0.000292765544	0.00566253224	0	0	0	0	3
499	2005	0	3.53596095	101324.211	101324.211	101324.21	101324.212	0.00029773367	0.00566253224	0	0	0	0	3
500	2010	0	3.54304704	101324.211	101324.211	101324.21	101324.212	0.000301971537	0.00566253224	0	0	0	0	3
501	2022	0	3.55013314	101324.211	101324.211	101324.21	101324.212	0.000305994618	0.00566253224	0	0	0	0	3
502	2027	0	3.55721923	101324.212	101324.211	101324.21	101324.212	0.000308730218	0.00566253224	0	0	0	0	3
503	2032	0	3.56430532	101324.212	101324.211	101324.21	101324.212	0.000310743621	0.00566253224	0	0	0	0	3
504	2037	0	3.57139142	101324.212	101324.211	101324.21	101324.212	0.000311883137	0.00566253224	0	0	0	0	3
505	2042	0	3.57847751	101324.212	101324.211	101324.21	101324.212	0.000313041877	0.00566253224	0	0	0	0	3
506	2046	0	3.58556361	101324.212	101324.211	101324.21	101324.212	0.000313507015	0.00566253224	0	0	0	0	3
507	2052	0	3.5926497	101324.212	101324.211	101324.21	101324.212	0.00031414206	0.00566253224	0	0	0	0	3
508	2057	0	3.59973579	101324.211	101324.211	101324.21	101324.212	0.000314506353	0.00566253224	0	0	0	0	3
509	2062	0	3.60682189	101324.211	101324.211	101324.21	101324.212	0.000315096375	0.00566253224	0	0	0	0	3
510	2067	0	3.61390798	101324.211	101324.211	101324.21	101324.212	0.000315096375	0.00566253224	0	0	0	0	3
511	2072	0	3.62099408	101324.211	101324.211	101324.21	101324.212	0.000315096375	0.00566253224	0	0	0	0	3
512	2078	0	3.62808017	101324.211	101324.211	101324.21	101324.212	0.000315096375	0.00566253224	0	0	0	0	3
513	2083	0	3.63516626	101324.211	101324.211	101324.21	101324.212	0.000315096375	0.00566253224	0	0	0	0	3
514	2088	0	3.64225236	101324.211	101324.211	101324.21	101324.212	0.000315096375	0.00566253224	0	0	0	0	3
515	2093	0	3.64933845	101324.211	101324.211	101324.21	101324.212	0.000315372978	0.00566253224	0	0	0	0	3
516	2098	0	3.65642455	101324.211	101324.211	101324.21	101324.212	0.000317667131	0.00566253224	0	0	0	0	3
517	2103	0	3.66351064	101324.211	101324.211	101324.21	101324.212	0.000320926541	0.00566253224	0	0	0	0	3
518	2108	0	3.67059673	101324.211	101324.211	101324.21	101324.212	0.000323788045	0.00566253224	0	0	0	0	3
519	2113	0	3.67768283	101324.211	101324.211	101324.21	101324.212	0.000326904308	0.00566253224	0	0	0	0	3
520	2117	0	3.68476892	101324.211	101324.211	101324.21	101324.212	0.000328897775	0.00566253224	0	0	0	0	3
521	2123	0	3.69185502	101324.211	101324.211	101324.21	101324.212	0.000331215153	0.00566253224	0	0	0	0	3
522	2128	0	3.69894111	101324.211	101324.211	101324.21	101324.212	0.000332492811	0.00566253224	0	0	0	0	3
523	2133	0	3.70602721	101324.211	101324.211	101324.21	101324.212	0.000333499527	0.00566253224	0	0	0	0	3
524	2138	0	3.7131133	101324.211	101324.211	101324.21	101324.212	0.000334106575	0.00566253224	0	0	0	0	3
525	2143	0	3.72019939	101324.211	101324.211	101324.21	101324.212	0.00033460444	0.00566253224	0	0	0	0	3
526	2147	0	3.72728549	101324.211	101324.211	101324.21	101324.212	0.000334633907	0.00566253224	0	0	0	0	3
527	2152	0	3.73437158	101324.211	101324.211	101324.21	101324.212	0.000335105535	0.00566253224	0	0	0	0	3
528	2156	0	3.74145768	101324.211	101324.211	101324.21	101324.212	0.000335704521	0.00566253224	0	0	0	0	3
529	2161	0	3.74854377	101324.211	101324.211	101324.21	101324.212	0.000335927311	0.00566253224	0	0	0	0	3
530	2166	0	3.75562986	101324.211	101324.211	101324.21	101324.212	0.000335927311	0.00566253224	0	0	0	0	3
531	2171	0	3.76271596	101324.211	101324.211	101324.21	101324.212	0.000334112279	0.00566253224	0	0	0	0	3
532	2176	0	3.76980205	101324.211	101324.211	101324.21	101324.212	0.000331287549	0.00566253224	0	0	0	0	3
533	2181	0	3.77688815	101324.211	101324.211	101324.21	101324.212	0.000326947775	0.00566253224	0	0	0	0	3
534	2186	0	3.78397424	101324.211	101324.211	101324.21	101324.212	0.000323261484	0.00566253224	0	0	0	0	3
535	2191	0	3.79106033	101324.211	101324.211	101324.21	101324.212	0.000319692524	0.00566253224	0	0	0	0	3
536	2196	0	3.79814643	101324.211	101324.211	101324.21	101324.212	0.000315237761	0.00566253224	0	0	0	0	3
537	2201	0	3.80523252	101324.211	101324.211	101324.21	101324.212	0.000309732102	0.00566253224	0	0	0	0	3
538	2206	0	3.81231862	101324.211	101324.211	101324.21	101324.212	0.000303707406	0.00566253224	0	0	0	0	3
539	2211	0	3.81940471	101324.211	101324.211	101324.21	101324.212	0.000295690523	0.00566253224	0	0	0	0	3
540	2216	0	3.8264908	101324.211	101324.211	101324.21	101324.212	0.000287297298	0.00566253224	0	0	0	0	3
541	2221	0	3.8335769	101324.211	101324.211	101324.21	101324.212	0.000277420579	0.00566253224	0	0	0	0	3
542	2225	0	3.84066299	101324.211	101324.211	101324.21	101324.212	0.000266593794	0.00566253224	0	0	0	0	3
543	2230	0	3.84774909	101324.211	101324.211	101324.21	101324.212	0.000255691819	0.00566253224	0	0	0	0	3
544	2236	0	3.85483518	101324.211	101324.211	101324.21	101324.212	0.000244919778	0.00566253224	0	0	0	0	3
545	2241	0	3.86192128	101324.211	101324.211	101324.21	101324.212	0.000233814048	0.00566253224	0	0	0	0	3
546	2246	0	3.86900737	101324.211	101324.211	101324.211	101324.212	0.000223695242	0.00566253224	0	0	0	0	3
547	2251	0	3.87609346	101324.211	101324.211	101324.211	101324.212	0.000212032275	0.00566253224	0	0	0	0	3
548	2256	0	3.88317956	101324.211	101324.211	101324.211	101324.212	0.000202786323	0.00566253224	0	0	0	0	3
549	2260	0	3.89026565	101324.211	101324.211	101324.211	101324.212	0.000192301741	0.00566253224	0	0	0	0	3
550	2265	0	3.89735175	101324.211	101324.211	101324.211	101324.212	0.000183626064	0.00566253224	0	0	0	0	3
551	2270	0	3.90443784	101324.211	101324.211	101324.211	101324.212	0.000185976707	0.00566253224	0	0	0	0	3
552	2275	0	3.91152393	101324.212	101324.211	101324.211	101324.212	0.000195524728	0.00566253224	0	0	0	0	3
553	2280	0	3.91861003	101324.211	101324.211	101324.211	101324.212	0.000203307209	0.00566253224	0	0	0	0	3
554	2285	0	3.92569612	101324.211	101324.211	101324.211	101324.212	0.000210560902	0.00566253224	0	0	0	0	3
555	2289	0	3.93278222	101324.211	101324.211	101324.211	101324.212	0.000216391301	0.00566253224	0	0	0	0	3
556	2295	0	3.93986831	101324.211	101324.211	101324.211	101324.212	0.000221972048	0.00566253224	0	0	0	0	3
557	2299	0	3.9469544	101324.211	101324.211	101324.211	101324.212	0.000226970893	0.00566253224	0	0	0	0	3
558	2304	0	3.9540405	101324.211	101324.211	101324.211	101324.212	0.000231993021	0.00566253224	0	0	0	0	3
559	2309	0	3.96112659	101324.211	101324.211	101324.211	101324.212	0.000234502164	0.00566253224	0	0	0	0	3
560	2314	0	3.96821269	101324.211	101324.211	101324.211	101324.212	0.00023652229	0.00566253224	0	0	0	0	3
561	2319	0	3.97529878	101324.211	101324.211	101324.211	101324.212	0.000237082029	0.00566253224	0	0	0	0	3
562	2324	0	3.98238487	101324.211	101324.211	101324.211	101324.212	0.000237963948	0.00566253224	0	0	0	0	3
563	2328	0	3.98947097	101324.211	101324.211	101324.211	101324.212	0.000237963948	0.00566253224	0	0	0	0	3
564	2333	0	3.99655706	101324.211	101324.211	101324.211	101324.212	0.000237963948	0.00566253224	0	0	0	0	3
565	2337	0	4.00364316	101324.211	101324.211	101324.211	101324.212	0.000237963948	0.00566253224	0	0	0	0	3
566	2342	0	4.01072925	101324.211	101324.211	101324.211	101324.212	0.000237963948	0.00566253224	0	0	0	0	3
567	2347	0	4.01781535	101324.211	101324.211	101324.211	101324.212	0.000237963948	0.00566253224	0	0	0	0	3
568	2352	0	4.02490144	101324.211	101324.211	101324.211	101324.212	0.000237963948	0.00566253224	0	0	0	0	3
569	2357	0	4.03198753	101324.211	101324.211	101324.211	101324.212	0.000237963948	0.00566253224	0	0	0	0	3
570	2361	0	4.03907363	101324.211	101324.211	101324.211	101324.212	0.000237963948	0.00566253224	0	0	0	0	3
571	2366	0	4.04615972	101324.211	101324.211	101324.211	101324.212	0.000237963948	0.00566253224	0	0	0	0	3
572	2371	0	4.05324582	101324.212	101324.211	101324.211	101324.212	0.000237963948	0.00566253224	0	0	0	0	3
573	2376	0	4.06033191	101324.212	101324.211	101324.211	101324.212	0.000237963948	0.00566253224	0	0	0	0	3
574	2381	0	4.067418	101324.212	101324.211	101324.211	101324.212	0.000237963948	0.00566253224	0	0	0	0	3
575	2386	0	4.0745041	101324.212	101324.211	101324.211	101324.212	0.000237963948	0.00566253224	0	0	0	0	3
576	2390	0	4.08159019	101324.212	101324.211	101324.211	101324.212	0.000237963948	0.00566253224	0	0	0	0	3
577	2395	0	4.08867629	101324.212	101324.211	101324.211	101324.212	0.000237963948	0.00566253224	0	0	0	0	3
578	2400	0	4.09576238	101324.212	101324.211	101324.211	101324.212	0.00023872107	0.00566253224	0	0	0	0	3
579	2404	0	4.10284847	101324.212	101324.211	101324.211	101324.212	0.00024053274	0.00566253224	0	0	0	0	3
580	2409	0	4.10993457	101324.212	101324.211	101324.211	101324.212	0.000243123708	0.00566253224	0	0	0	0	3
581	2415	0	4.11702066	101324.212	101324.211	101324.211	101324.212	0.000247363845	0.00566253224	0	0	0	0	3
582	2420	0	4.12410676	101324.212	101324.211	101324.211	101324.212	0.000252308935	0.00566253224	0	0	0	0	3
583	2425	0	4.13119285	101324.212	101324.211	101324.211	101324.212	0.000258366606	0.00566253224	0	0	0	0	3
584	2430	0	4.13827894	101324.212	101324.211	101324.211	101324.212	0.000265264345	0.00566253224	0	0	0	0	3
585	2436	0	4.14536504	101324.212	101324.211	101324.211	101324.212	0.000271912708	0.00566253224	0	0	0	0	3
586	2441	0	4.15245113	101324.211	101324.211	101324.211	101324.212	0.000278595791	0.00566253224	0	0	0	0	3
587	2446	0	4.15953723	101324.211	101324.211	101324.211	101324.212	0.000284938738	0.00566253224	0	0	0	0	3
588	2451	0	4.16662332	101324.211	101324.211	101324.211	101324.212	0.000292757308	0.00566253224	0	0	0	0	3
589	2457	0	4.17370941	101324.211	101324.211	101324.211	101324.212	0.000300571657	0.00566253224	0	0	0	0	3
590	2462	0	4.18079551	101324.211	101324.211	101324.211	101324.212	0.000309041323	0.00566253224	0	0	0	0	3
591	2467	0	4.1878816	101324.211	101324.211	101324.211	101324.212	0.000316672085	0.00566253224	0	0	0	0	3
592	2471	0	4.1949677	101324.211	101324.211	101324.211	101324.212	0.00032330527	0.00566253224	0	0	0	0	3
593	2476	0	4.20205379	101324.211	101324.211	101324.211	101324.212	0.000328582246	0.00566253224	0	0	0	0	3
594	2481	0	4.20913989	101324.211	101324.211	101324.211	101324.212	0.00033221014	0.00566253224	0	0	0	0	3
595	2486	0	4.21622598	101324.211	101324.211	101324.211	101324.212	0.000335336474	0.00566253224	0	0	0	0	3
596	2492	0	4.22331207	101324.211	101324.211	101324.211	101324.212	0.000337324454	0.00566253224	0	0	0	0	3
597	2497	0	4.23039817	101324.211	101324.211	101324.211	101324.212	0.00033804847	0.00566253224	0	0	0	0	3
598	2501	0	4.23748426	101324.211	101324.211	101324.211	101324.212	0.00033804847	0.00566253224	0	0	0	0	3
599	2506	0	4.24457036	101324.211	101324.211	101324.211	101324.212	0.00033804847	0.00566253224	0	0	0	0	3
600	2511	0	4.25165645	101324.211	101324.211	101324.211	101324.212	0.000336244833	0.00566253224	0	0	0	0	3
601	2523	0	4.25874254	101324.211	101324.211	101324.211	101324.212	0.00033398399	0.00566253224	0	0	0	0	3
602	2528	0	4.26582864	101324.211	101324.211	101324.211	101324.212	0.000329441536	0.00566253224	0	0	0	0	3
603	2534	0	4.27291473	101324.211	101324.211	101324.211	101324.212	0.000324302542	0.00566253224	0	0	0	0	3
604	2539	0	4.28000083	101324.211	101324.211	101324.211	101324.212	0.000317626429	0.00566253224	0	0	0	0	3
605	2544	0	4.28708692	101324.211	101324.211	101324.211	101324.212	0.000311837241	0.00566253224	0	0	0	0	3
606	2549	0	4.29417301	101324.211	101324.211	101324.211	101324.212	0.000305747613	0.00566253224	0	0	0	0	3
607	2554	0	4.30125911	101324.211	101324.211	101324.211	101324.212	0.00029933812	0.00566253224	0	0	0	0	3
608	2559	0	4.3083452	101324.211	101324.211	101324.211	101324.212	0.000290849712	0.00566253224	0	0	0	0	3
609	2564	0	4.3154313	101324.211	101324.211	101324.211	101324.212	0.000281783476	0.00566253224	0	0	0	0	3
610	2570	0	4.32251739	101324.211	101324.211	101324.211	101324.212	0.000271261451	0.00566253224	0	0	0	0	3
611	2575	0	4.32960348	101324.211	101324.211	101324.211	101324.212	0.000260674686	0.00566253224	0	0	0	0	3
612	2580	0	4.33668958	101324.211	101324.211	101324.211	101324.212	0.000249999415	0.00566253224	0	0	0	0	3
613	2585	0	4.34377567	101324.211	101324.211	101324.211	101324.212	0.000238369728	0.00566253224	0	0	0	0	3
614	2590	0	4.35086177	101324.211	101324.211	101324.211	101324.212	0.000226786535	0.00566253224	0	0	0	0	3
615	2595	0	4.35794786	101324.211	101324.211	101324.211	101324.212	0.000215591674	0.00566253224	0	0	0	0	3
616	2600	0	4.36503396	101324.211	101324.211	101324.211	101324.212	0.000203926073	0.00566253224	0	0	0	0	3
617	2605	0	4.37212005	101324.211	101324.211	101324.211	101324.212	0.000193307817	0.00566253224	0	0	0	0	3
618	2609	0	4.37920614	101324.211	101324.211	101324.211	101324.212	0.000181920826	0.00566253224	0	0	0	0	3
619	2614	0	4.38629224	101324.211	101324.211	101324.211	101324.212	0.000172556116	0.00566253224	0	0	0	0	3
620	2619	0	4.39337833	101324.211	101324.211	101324.211	101324.212	0.000161119868	0.00566253224	0	0	0	0	3
621	2624	0	4.40046443	101324.211	101324.211	101324.211	101324.212	0.000152071763	0.00566253224	0	0	0	0	3
622	2628	0	4.40755052	101324.211	101324.211	101324.211	101324.212	0.000142523742	0.00566253224	0	0	0	0	3
623	2633	0	4.41463661	101324.211	101324.211	101324.211	101324.212	0.000134741262	0.00566253224	0	0	0	0	3
624	2637	0	4.42172271	101324.211	101324.211	101324.211	101324.212	0.000127487569	0.00566253224	0	0	0	0	3
625	2642	0	4.4288088	101324.211	101324.211	101324.211	101324.212	0.000121657169	0.00566253224	0	0	0	0	3
626	2648	0	4.4358949	101324.211	101324.211	101324.211	101324.212	0.000116076422	0.00566253224	0	0	0	0	3
627	2653	0	4.44298099	101324.211	101324.211	101324.211	101324.212	0.000111077577	0.00566253224	0	0	0	0	3
628	2658	0	4.45006708	101324.211	101324.211	101324.211	101324.212	0.000113740782	0.00566253224	0	0	0	0	3
629	2663	0	4.45715318	101324.211	101324.211	101324.211	101324.212	0.000117693751	0.00566253224	0	0	0	0	3
630	2668	0	4.46423927	101324.211	101324.211	101324.211	101324.212	0.000120293364	0.00566253224	0	0	0	0	3
631	2674	0	4.47132537	101324.211	101324.211	101324.211	101324.212	0.000122946076	0.00566253224	0	0	0	0	3
632	2680	0	4.47841146	101324.211	101324.211	101324.211	101324.212	0.000124725208	0.00566253224	0	0	0	0	3
633	2685	0	4.48549755	101324.211	101324.211	101324.211	101324.212	0.000126030747	0.00566253224	0	0	0	0	3
634	2690	0	4.49258365	101324.211	101324.211	101324.211	101324.212	0.000126497063	0.00566253224	0	0	0	0	3
635	2696	0	4.49966974	101324.211	101324.211	101324.211	101324.212	0.000128004642	0.00566253224	0	0	0	0	3
636	2701	0	4.50675584	101324.211	101324.211	101324.211	101324.212	0.000129075968	0.00566253224	0	0	0	0	3
637	2706	0	4.51384193	101324.211	101324.211	101324.211	101324.212	0.000132006433	0.00566253224	0	0	0	0	3
638	2711	0	4.52092802	101324.211	101324.211	101324.211	101324.212	0.000135131733	0.00566253224	0	0	0	0	3
639	2716	0	4.52801412	101324.211	101324.211	101324.211	101324.212	0.000140077973	0.00566253224	0	0	0	0	3
640	2722	0	4.53510021	101324.211	101324.211	101324.211	101324.212	0.000145322629	0.00566253224	0	0	0	0	3
641	2728	0	4.54218631	101324.211	101324.211	101324.211	101324.212	0.000151935077	0.00566253224	0	0	0	0	3
642	2734	0	4.5492724	101324.211	101324.211	101324.211	101324.212	0.000159291012	0.00566253224	0	0	0	0	3
643	2739	0	4.5563585	101324.211	101324.211	101324.211	101324.212	0.000168532468	0.00566253224	0	0	0	0	3
644	2744	0	4.56344459	101324.211	101324.211	101324.211	101324.212	0.000179272378	0.00566253224	0	0	0	0	3
645	2750	0	4.57053068	101324.211	101324.211	101324.211	101324.212	0.000192041116	0.00566253224	0	0	0	0	3
646	2756	0	4.57761678	101324.211	101324.211	101324.211	101324.212	0.000204599637	0.00566253224	0	0	0	0	3
647	2760	0	4.58470287	101324.211	101324.211	101324.211	101324.212	0.000217281486	0.00566253224	0	0	0	0	3
648	2765	0	4.59178897	101324.211	101324.211	101324.211	101324.212	0.000228944191	0.00566253224	0	0	0	0	3
649	2770	0	4.59887506	101324.211	101324.211	101324.211	101324.212	0.00024276886	0.00566253224	0	0	0	0	3
650	2775	0	4.60596115	101324.211	101324.211	101324.211	101324.212	0.000256809144	0.00566253224	0	0	0	0	3
651	2779	0	4.61304725	101324.211	101324.211	101324.211	101324.212	0.000271687444	0.00566253224	0	0	0	0	3
652	2784	0	4.62013334	101324.211	101324.211	101324.211	101324.212	0.000286963143	0.00566253224	0	0	0	0	3
653	2789	0	4.62721944	101324.211	101324.211	101324.211	101324.212	0.000301561013	0.00566253224	0	0	0	0	3
654	2795	0	4.63430553	101324.211	101324.211	101324.211	101324.212	0.000314801058	0.00566253224	0	0	0	0	3
655	2801	0	4.64139162	101324.211	101324.211	101324.211	101324.212	0.000327098198	0.00566253224	0	0	0	0	3
656	2806	0	4.64847772	101324.211	101324.211	101324.211	101324.211	0.000338237442	0.00566253224	0	0	0	0	3
657	2812	0	4.65556381	101324.211	101324.211	101324.211	101324.211	0.000349037931	0.00566253224	0	0	0	0	3
658	2817	0	4.66264991	101324.211	101324.211	101324.211	101324.211	0.000358408288	0.00566253224	0	0	0	0	3
659	2822	0	4.669736	101324.211	101324.211	101324.211	101324.211	0.000367232627	0.00566253224	0	0	0	0	3
660	2826	0	4.67682209	101324.211	101324.211	101324.211	101324.211	0.000373933566	0.00566253224	0	0	0	0	3
661	2831	0	4.68390819	101324.211	101324.211	101324.211	101324.211	0.000379583507	0.00566253224	0	0	0	0	3
662	2836	0	4.69099428	101324.211	101324.211	101324.211	101324.211	0.000382988132	0.00566253224	0	0	0	0	3
663	2842	0	4.69808038	101324.211	101324.211	101324.211	101324.211	0.000385435575	0.00566253224	0	0	0	0	3
664	2846	0	4.70516647	101324.211	101324.211	101324.211	101324.211	0.000386757441	0.00566253224	0	0	0	0	3
665	2852	0	4.71225257	101324.211	101324.211	101324.211	101324.211	0.000387247521	0.00566253224	0	0	0	0	3
666	2858	0	4.71933866	101324.211	101324.211	101324.211	101324.211	0.000387247521	0.00566253224	0	0	0	0	3
667	2863	0	4.72642475	101324.211	101324.211	101324.211	101324.211	0.000387247521	0.00566253224	0	0	0	0	3
668	2868	0	4.73351085	101324.211	101324.211	101324.211	101324.211	0.000387103923	0.00566253224	0	0	0	0	3
669	2873	0	4.74059694	101324.211	101324.211	101324.211	101324.211	0.000386049214	0.00566253224	0	0	0	0	3
670	2879	0	4.74768304	101324.211	101324.211	101324.211	101324.211	0.000384183411	0.00566253224	0	0	0	0	3
671	2884	0	4.75476913	101324.211	101324.211	101324.211	101324.211	0.000381039121	0.00566253224	0	0	0	0	3
672	2889	0	4.76185522	101324.211	101324.211	101324.211	101324.211	0.000378047218	0.00566253224	0	0	0	0	3
673	2893	0	4.76894132	101324.211	101324.211	101324.211	101324.211	0.00037312186	0.00566253224	0	0	0	0	3
674	2899	0	4.77602741	101324.211	101324.211	101324.211	101324.211	0.000368332214	0.00566253224	0	0	0	0	3
675	2904	0	4.78311351	101324.211	101324.211	101324.211	101324.211	0.000362046805	0.00566253224	0	0	0	0	3
676	2909	0	4.7901996	101324.211	101324.211	101324.211	101324.211	0.000355924989	0.00566253224	0	0	0	0	3
677	2914	0	4.79728569	101324.211	101324.211	101324.211	101324.211	0.000349704613	0.00566253224	0	0	0	0	3
678	2919	0	4.80437179	101324.211	101324.211	101324.211	101324.211	0.000344096552	0.00566253224	0	0	0	0	3
679	2924	0	4.81145788	101324.211	101324.211	101324.211	101324.211	0.000338350466	0.00566253224	0	0	0	0	3
680	2929	0	4.81854398	101324.211	101324.211	101324.211	101324.211	0.000333345772	0.00566253224	0	0	0	0	3
681	2935	0	4.82563007	101324.211	101324.211	101324.211	101324.211	0.000328478884	0.00566253224	0	0	0	0	3
682	2939	0	4.83271616	101324.211	101324.211	101324.211	101324.211	0.000324328124	0.00566253224	0	0	0	0	3
683	2944	0	4.83980226	101324.211	101324.211	101324.211	101324.211	0.000320955616	0.00566253224	0	0	0	0	3
684	2949	0	4.84688835	101324.211	101324.211	101324.211	101324.211	0.000318147737	0.00566253224	0	0	0	0	3
685	2954	0	4.85397445	101324.211	101324.211	101324.211	101324.211	0.000315592013	0.00566253224	0	0	0	0	3
686	2960	0	4.86106054	101324.211	101324.211	101324.211	101324.211	0.000313758006	0.00566253224	0	0	0	0	3
687	2965	0	4.86814664	101324.211	101324.211	101324.211	101324.211	0.000311547512	0.00566253224	0	0	0	0	3
688	2970	0	4.87523273	101324.211	101324.211	101324.211	101324.211	0.000309645678	0.00566253224	0	0	0	0	3
689	2975	0	4.88231882	101324.211	101324.211	101324.211	101324.211	0.00030598024	0.00566253224	0	0	0	0	3
690	2980	0	4.88940492	101324.211	101324.211	101324.211	101324.211	0.000303179957	0.00566253224	0	0	0	0	3
691	2985	0	4.89649101	101324.211	101324.211	101324.211	101324.211	0.000297573744	0.00566253224	0	0	0	0	3
692	2990	0	4.90357711	101324.211	101324.211	101324.211	101324.211	0.000293512625	0.00566253224	0	0	0	0	3
693	2995	0	4.9106632	101324.211	101324.211	101324.211	101324.211	0.000288508134	0.00566253224	0	0	0	0	3
694	3000	0	4.91774929	101324.211	101324.211	101324.211	101324.211	0.000285231508	0.00566253224	0	0	0	0	3
695	3005	0	4.92483539	101324.211	101324.211	101324.211	101324.211	0.000281934641	0.00566253224	0	0	0	0	3
696	3009	0	4.93192148	101324.211	101324.211	101324.211	101324.211	0.00027987163	0.00566253224	0	0	0	0	3
697	3014	0	4.93900758	101324.211	101324.211	101324.211	101324.211	0.000276514111	0.00566253224	0	0	0	0	3
698	3019	0	4.94609367	101324.212	101324.211	101324.211	101324.212	0.000273506739	0.00566253224	0	0	0	0	3
699	3024	0	4.95317976	101324.212	101324.211	101324.211	101324.212	0.00026955377	0.00566253224	0	0	0	0	3
700	3029	0	4.96026586	101324.212	101324.211	101324.211	101324.212	0.000266954157	0.00566253224	0	0	0	0	3
701	3041	0	4.96735195	101324.212	101324.211	101324.211	101324.212	0.000264301445	0.00566253224	0	0	0	0	3
702	3047	0	4.97443805	101324.212	101324.211	101324.211	101324.212	0.000262522313	0.00566253224	0	0	0	0	3
703	3053	0	4.98152414	101324.212	101324.211	101324.211	101324.212	0.000261216774	0.00566253224	0	0	0	0	3
704	3058	0	4.98861023	101324.212	101324.211	101324.211	101324.212	0.000260750458	0.00566253224	0	0	0	0	3
705	3062	0	4.99569633	101324.212	101324.211	101324.211	101324.212	0.000259242879	0.00566253224	0	0	0	0	3
706	3068	0	5.00278242	101324.211	101324.211	101324.211	101324.212	0.000258171553	0.00566253224	0	0	0	0	3
707	3073	0	5.00986852	101324.211	101324.211	101324.211	101324.212	0.000255241088	0.00566253224	0	0	0	0	3
708	3078	0	5.01695461	101324.211	101324.211	101324.211	101324.212	0.000252115788	0.00566253224	0	0	0	0	3
709	3083	0	5.0240407	101324.211	101324.211	101324.211	101324.212	0.000247169548	0.00566253224	0	0	0	0	3
710	3088	0	5.0311268	101324.211	101324.211	101324.211	101324.212	0.000241924892	0.00566253224	0	0	0	0	3
711	3093	0	5.03821289	101324.211	101324.211	101324.211	101324.212	0.000235312444	0.00566253224	0	0	0	0	3
712	3098	0	5.04529899	101324.211	101324.211	101324.211	101324.212	0.000227956509	0.00566253224	0	0	0	0	3
713	3104	0	5.05238508	101324.211	101324.211	101324.211	101324.212	0.000218715053	0.00566253224	0	0	0	0	3
714	3109	0	5.05947118	101324.211	101324.211	101324.211	101324.212	0.000207975143	0.00566253224	0	0	0	0	3
715	3114	0	5.06655727	101324.211	101324.211	101324.211	101324.212	0.000195206405	0.00566253224	0	0	0	0	3
716	3119	0	5.07364336	101324.211	101324.211	101324.211	101324.212	0.000184621298	0.00566253224	0	0	0	0	3
717	3124	0	5.08072946	101324.211	101324.211	101324.211	101324.212	0.000184621298	0.00566253224	0	0	0	0	3
718	3130	0	5.08781555	101324.211	101324.211	101324.211	101324.212	0.000184621298	0.00566253224	0	0	0	0	3
719	3135	0	5.09490165	101324.211	101324.211	101324.211	101324.212	0.000184621298	0.00566253224	0	0	0	0	3
720	3140	0	5.10198774	101324.211	101324.211	101324.211	101324.212	0.000184621298	0.00566253224	0	0	0	0	3
721	3144	0	5.10907383	101324.211	101324.211	101324.211	101324.212	0.000184621298	0.00566253224	0	0	0	0	3
722	3148	0	5.11615993	101324.21	101324.211	101324.21	101324.212	0.000184621298	0.00566253224	0	0	0	0	3
723	3154	0	5.12324602	101324.21	101324.211	101324.21	101324.212	0.000184621298	0.00566253224	0	0	0	0	3
724	3159	0	5.13033212	101324.21	101324.211	101324.21	101324.212	0.000184621298	0.00566253224	0	0	0	0	3
725	3164	0	5.13741821	101324.21	101324.211	101324.21	101324.212	0.000184621298	0.00566253224	0	0	0	0	3
726	3169	0	5.1445043	101324.21	101324.211	101324.21	101324.212	0.000184621298	0.00566253224	0	0	0	0	3
727	3174	0	5.1515904	101324.21	101324.211	101324.21	101324.212	0.000184621298	0.00566253224	0	0	0	0	3
728	3180	0	5.15867649	101324.21	101324.211	101324.21	101324.212	0.000184621298	0.00566253224	0	0	0	0	3
729	3185	0	5.16576259	101324.21	101324.211	101324.21	101324.212	0.000184621298	0.00566253224	0	0	0	0	3
730	3190	0	5.17284868	101324.21	101324.211	101324.21	101324.212	0.000184621298	0.00566253224	0	0	0	0	3
731	3195	0	5.17993477	101324.21	101324.211	101324.21	101324.212	0.000184621298	0.00566253224	0	0	0	0	3
732	3200	0	5.18702087	101324.21	101324.211	101324.21	101324.212	0.000184621298	0.00566253224	0	0	0	0	3
733	3206	0	5.19410696	101324.21	101324.211	101324.21	101324.212	0.000184621298	0.00566253224	0	0	0	0	3
734	3211	0	5.20119306	101324.21	101324.211	101324.21	101324.212	0.000184621298	0.00566253224	0	0	0	0	3
735	3216	0	5.20827915	101324.21	101324.211	101324.21	101324.212	0.000184621298	0.00566253224	0	0	0	0	3
736	3222	0	5.21536525	101324.21	101324.211	101324.21	101324.212	0.000184084973	0.00566253224	0	0	0	0	3
737	3227	0	5.22245134	101324.21	101324.211	101324.21	101324.212	0.000182086107	0.00566253224	0	0	0	0	3
738	3232	0	5.22953743	101324.21	101324.211	101324.21	101324.212	0.00018931432	0.00566253224	0	0	0	0	3
739	3237	0	5.23662353	101324.21	101324.211	101324.21	101324.212	0.000203455435	0.00566253224	0	0	0	0	3
740	3241	0	5.24370962	101324.21	101324.211	101324.21	101324.212	0.000216050961	0.00566253224	0	0	0	0	3
741	3246	0	5.25079572	101324.21	101324.211	101324.21	101324.212	0.000228435703	0.00566253224	0	0	0	0	3
742	3252	0	5.25788181	101324.21	101324.211	101324.21	101324.212	0.000239451983	0.00566253224	0	0	0	0	3
743	3257	0	5.2649679	101324.21	101324.211	101324.21	101324.212	0.000250712663	0.00566253224	0	0	0	0	3
744	3263	0	5.272054	101324.211	101324.211	101324.21	101324.212	0.000260321598	0.00566253224	0	0	0	0	3
745	3268	0	5.27914009	101324.211	101324.211	101324.21	101324.212	0.000270185366	0.00566253224	0	0	0	0	3
746	3274	0	5.28622619	101324.211	101324.211	101324.21	101324.212	0.000277729065	0.00566253224	0	0	0	0	3
747	3280	0	5.29331228	101324.211	101324.211	101324.21	101324.212	0.00028574717	0.00566253224	0	0	0	0	3
748	3285	0	5.30039837	101324.211	101324.211	101324.21	101324.212	0.000292477751	0.00566253224	0	0	0	0	3
749	3291	0	5.30748447	101324.211	101324.211	101324.21	101324.212	0.000300196785	0.00566253224	0	0	0	0	3
750	3296	0	5.31457056	101324.211	101324.211	101324.21	101324.212	0.000306143294	0.00566253224	0	0	0	0	3
751	3301	0	5.32165666	101324.211	101324.211	101324.21	101324.212	0.000312468226	0.00566253224	0	0	0	0	3
752	3306	0	5.32874275	101324.211	101324.211	101324.21	101324.212	0.000317067548	0.00566253224	0	0	0	0	3
753	3311	0	5.33582884	101324.211	101324.211	101324.21	101324.212	0.000322053034	0.00566253224	0	0	0	0	3
754	3315	0	5.34291494	101324.211	101324.211	101324.21	101324.212	0.00032697733	0.00566253224	0	0	0	0	3
755	3322	0	5.35000103	101324.211	101324.211	101324.21	101324.212	0.000333053948	0.00566253224	0	0	0	0	3
756	3327	0	5.35708713	101324.211	101324.211	101324.21	101324.212	0.000338474012	0.00566253224	0	0	0	0	3
757	3332	0	5.36417322	101324.211	101324.211	101324.21	101324.212	0.000344657863	0.00566253224	0	0	0	0	3
758	3337	0	5.37125931	101324.211	101324.211	101324.21	101324.212	0.000348864211	0.00566253224	0	0	0	0	3
759	3342	0	5.37834541	101324.211	101324.211	101324.21	101324.212	0.000353128926	0.00566253224	0	0	0	0	3
760	3346	0	5.3854315	101324.211	101324.211	101324.21	101324.212	0.000356353456	0.00566253224	0	0	0	0	3
761	3352	0	5.3925176	101324.211	101324.211	101324.21	101324.212	0.000359311976	0.00566253224	0	0	0	0	3
762	3357	0	5.39960369	101324.211	101324.211	101324.21	101324.212	0.000361053288	0.00566253224	0	0	0	0	3
763	3363	0	5.40668979	101324.211	101324.211	101324.21	101324.212	0.000363597472	0.00566253224	0	0	0	0	3
764	3368	0	5.41377588	101324.211	101324.211	101324.21	101324.212	0.000366129505	0.00566253224	0	0	0	0	3
765	3373	0	5.42086197	101324.211	101324.211	101324.21	101324.212	0.000369972317	0.00566253224	0	0	0	0	3
766	3378	0	5.42794807	101324.211	101324.211	101324.21	101324.212	0.000372884344	0.00566253224	0	0	0	0	3
767	3384	0	5.43503416	101324.211	101324.211	101324.21	101324.212	0.000377443735	0.00566253224	0	0	0	0	3
768	3390	0	5.44212026	101324.211	101324.211	101324.21	101324.212	0.000382000289	0.00566253224	0	0	0	0	3
769	3394	0	5.44920635	101324.211	101324.211	101324.21	101324.212	0.000389018358	0.00566253224	0	0	0	0	3
770	3400	0	5.45629244	101324.211	101324.211	101324.21	101324.212	0.000396093848	0.00566253224	0	0	0	0	3
771	3405	0	5.46337854	101324.211	101324.211	101324.21	101324.212	0.000404273655	0.00566253224	0	0	0	0	3
772	3410	0	5.47046463	101324.211	101324.211	101324.21	101324.212	0.000412240595	0.00566253224	0	0	0	0	3
773	3416	0	5.47755073	101324.211	101324.211	101324.21	101324.212	0.000420515469	0.00566253224	0	0	0	0	3
774	3421	0	5.48463682	101324.211	101324.211	101324.21	101324.212	0.000427468505	0.00566253224	0	0	0	0	3
775	3426	0	5.49172291	101324.211	101324.211	101324.21	101324.212	0.000435569484	0.00566253224	0	0	0	0	3
776	3431	0	5.49880901	101324.211	101324.211	101324.21	101324.211	0.000442867517	0.00566253224	0	0	0	0	3
777	3437	0	5.5058951	101324.211	101324.211	101324.21	101324.211	0.000450504391	0.00566253224	0	0	0	0	3
778	3442	0	5.5129812	101324.211	101324.211	101324.21	101324.211	0.000456764625	0.00566253224	0	0	0	0	3
779	3447	0	5.52006729	101324.211	101324.211	101324.21	101324.211	0.000462138283	0.00566253224	0	0	0	0	3
780	3452	0	5.52715338	101324.211	101324.211	101324.21	101324.211	0.000464829282	0.00566253224	0	0	0	0	3
781	3456	0	5.53423948	101324.211	101324.211	101324.21	101324.211	0.000467093647	0.00566253224	0	0	0	0	3
782	3461	0	5.54132557	101324.211	101324.211	101324.21	101324.211	0.000468068276	0.00566253224	0	0	0	0	3
783	3467	0	5.54841167	101324.211	101324.211	101324.21	101324.211	0.000469143299	0.00566253224	0	0	0	0	3
784	3471	0	5.55549776	101324.211	101324.211	101324.21	101324.211	0.000469407576	0.00566253224	0	0	0	0	3
785	3477	0	5.56258386	101324.211	101324.211	101324.21	101324.211	0.000470665691	0.00566253224	0	0	0	0	3
786	3482	0	5.56966995	101324.211	101324.211	101324.21	101324.211	0.000470399289	0.00566253224	0	0	0	0	3
787	3487	0	5.57675604	101324.211	101324.211	101324.21	101324.211	0.000469139777	0.00566253224	0	0	0	0	3
788	3492	0	5.58384214	101324.211	101324.211	101324.21	101324.211	0.000468019105	0.00566253224	0	0	0	0	3
789	3497	0	5.59092823	101324.211	101324.211	101324.21	101324.211	0.000465803227	0.00566253224	0	0	0	0	3
790	3503	0	5.59801433	101324.211	101324.211	101324.21	101324.211	0.000465177625	0.00566253224	0	0	0	0	3
791	3509	0	5.60510042	101324.211	101324.211	101324.21	101324.211	0.000463502482	0.00566253224	0	0	0	0	3
792	3514	0	5.61218651	101324.211	101324.211	101324.21	101324.211	0.000461696691	0.00566253224	0	0	0	0	3
793	3520	0	5.61927261	101324.211	101324.211	101324.21	101324.211	0.000458548064	0.00566253224	0	0	0	0	3
794	3525	0	5.6263587	101324.211	101324.211	101324.21	101324.211	0.0004543963	0.00566253224	0	0	0	0	3
795	3529	0	5.6334448	101324.211	101324.211	101324.21	101324.211	0.000447743805	0.00566253224	0	0	0	0	3
796	3535	0	5.64053089	101324.211	101324.211	101324.21	101324.211	0.000440501011	0.00566253224	0	0	0	0	3
797	3539	0	5.64761698	101324.211	101324.211	101324.21	101324.211	0.000431370849	0.00566253224	0	0	0	0	3
798	3544	0	5.65470308	101324.211	101324.211	101324.21	101324.211	0.000422573328	0.00566253224	0	0	0	0	3
799	3549	0	5.66178917	101324.211	101324.211	101324.21	101324.211	0.000412741851	0.00566253224	0	0	0	0	3
800	3555	0	5.66887527	101324.211	101324.211	101324.21	101324.211	0.00040225462	0.00566253224	0	0	0	0	3
801	3568	0	5.67596136	101324.211	101324.211	101324.21	101324.211	0.00038956209	0.00566253224	0	0	0	0	3
802	3574	0	5.68304745	101324.211	101324.211	101324.21	101324.211	0.000375534393	0.00566253224	0	0	0	0	3
803	3579	0	5.69013355	101324.211	101324.211	101324.21	101324.211	0.000359274825	0.00566253224	0	0	0	0	3
804	3585	0	5.69721964	101324.211	101324.211	101324.21	101324.211	0.000342506595	0.00566253224	0	0	0	0	3
805	3589	0	5.70430574	101324.211	101324.211	101324.21	101324.211	0.00032538212	0.00566253224	0	0	0	0	3
806	3594	0	5.71139183	101324.211	101324.211	101324.21	101324.211	0.000310588759	0.00566253224	0	0	0	0	3
807	3600	0	5.71847792	101324.211	101324.211	101324.21	101324.211	0.000295473743	0.00566253224	0	0	0	0	3
808	3606	0	5.72556402	101324.211	101324.211	101324.21	101324.211	0.000282442721	0.00566253224	0	0	0	0	3
809	3611	0	5.73265011	101324.211	101324.211	101324.21	101324.211	0.000268301606	0.00566253224	0	0	0	0	3
810	3616	0	5.73973621	101324.211	101324.211	101324.21	101324.211	0.00025570608	0.00566253224	0	0	0	0	3
811	3622	0	5.7468223	101324.211	101324.211	101324.21	101324.211	0.000243321338	0.00566253224	0	0	0	0	3
812	3628	0	5.7539084	101324.211	101324.211	101324.21	101324.211	0.000232305058	0.00566253224	0	0	0	0	3
813	3633	0	5.76099449	101324.211	101324.211	101324.21	101324.211	0.000221044378	0.00566253224	0	0	0	0	3
814	3638	0	5.76808058	101324.211	101324.211	101324.211	101324.211	0.000211435443	0.00566253224	0	0	0	0	3
815	3643	0	5.77516668	101324.211	101324.211	101324.211	101324.211	0.000201571675	0.00566253224	0	0	0	0	3
816	3648	0	5.78225277	101324.211	101324.211	101324.211	101324.211	0.000194027976	0.00566253224	0	0	0	0	3
817	3653	0	5.78933887	101324.211	101324.211	101324.211	101324.211	0.000186009871	0.00566253224	0	0	0	0	3
818	3658	0	5.79642496	101324.211	101324.211	101324.211	101324.211	0.000180243776	0.00566253224	0	0	0	0	3
819	3664	0	5.80351105	101324.211	101324.211	101324.211	101324.211	0.000182381831	0.00566253224	0	0	0	0	3
820	3669	0	5.81059715	101324.211	101324.211	101324.211	101324.211	0.00018626776	0.00566253224	0	0	0	0	3
821	3675	0	5.81768324	101324.211	101324.211	101324.211	101324.211	0.00018953206	0.00566253224	0	0	0	0	3
822	3680	0	5.82476934	101324.211	101324.211	101324.211	101324.211	0.000194890337	0.00566253224	0	0	0	0	3
823	3685	0	5.83185543	101324.211	101324.211	101324.211	101324.211	0.000199261602	0.00566253224	0	0	0	0	3
824	3690	0	5.83894152	101324.211	101324.211	101324.211	101324.211	0.000204150783	0.00566253224	0	0	0	0	3
825	3696	0	5.84602762	101324.211	101324.211	101324.211	101324.211	0.000208417317	0.00566253224	0	0	0	0	3
826	3700	0	5.85311371	101324.211	101324.211	101324.211	101324.211	0.000213340609	0.00566253224	0	0	0	0	3
827	3705	0	5.86019981	101324.211	101324.211	101324.211	101324.211	0.000217588633	0.00566253224	0	0	0	0	3
828	3710	0	5.8672859	101324.211	101324.211	101324.211	101324.211	0.000222751522	0.00566253224	0	0	0	0	3
829	3715	0	5.87437199	101324.211	101324.211	101324.211	101324.211	0.000226323013	0.00566253224	0	0	0	0	3
830	3719	0	5.88145809	101324.211	101324.211	101324.211	101324.211	0.000230509017	0.00566253224	0	0	0	0	3
831	3725	0	5.88854418	101324.211	101324.211	101324.211	101324.211	0.000234354564	0.00566253224	0	0	0	0	3
