Iteration	CPUTime	PhysTime	Travels	Value	AvValue	MinValue	MaxValue	Delta	Criteria	PrevAvRefValue	Progress	CriteriaType	CriteriaVarType	CriteriaPercentage
1	15	0	0.00708609408	0	0	0	0	0	0	0	0	0	0	3
2	17	0	0.0141721882	0	0	0	0	0	0	0	0	0	0	3
3	19	0	0.0212582822	0	0	0	0	0	0	0	0	0	0	3
4	21	0	0.0283443763	0	0	0	0	0	0	0	0	0	0	3
5	23	0	0.0354304704	0	0	0	0	0	0	0	0	0	0	3
6	25	0	0.0425165645	0	0	0	0	0	0	0	0	0	0	3
7	27	0	0.0496026586	0	0	0	0	0	0	0	0	0	0	3
8	29	0	0.0566887527	0	0	0	0	0	0	0	0	0	0	3
9	31	0	0.0637748467	0	0	0	0	0	0	0	0	0	0	3
10	33	0	0.0708609408	0	0	0	0	0	0	0	0	0	0	3
11	35	0	0.0779470349	0	0	0	0	0	0	0	0	0	0	3
12	37	0	0.085033129	0	0	0	0	0	0	0	0	0	0	3
13	39	0	0.0921192231	0	0	0	0	0	0	0	0	0	0	3
14	41	0	0.0992053172	0	0	0	0	0	0	0	0	0	0	3
15	43	0	0.106291411	0	0	0	0	0	0	0	0	0	0	3
16	45	0	0.113377505	0	0	0	0	0	0	0	0	0	0	3
17	47	0	0.120463599	0	0	0	0	0	0	0	0	0	0	3
18	49	0	0.127549693	0	0	0	0	0	0	0	0	0	0	3
19	51	0	0.134635788	0	0	0	0	0	0	0	0	0	0	3
20	53	0	0.141721882	0	0	0	0	0	0	0	0	0	0	3
21	55	0	0.148807976	0	0	0	0	0	0	0	0	0	0	3
22	57	0	0.15589407	0	0	0	0	0	0	0	0	0	0	3
23	59	0	0.162980164	0	0	0	0	0	0	0	0	0	0	3
24	61	0	0.170066258	0	0	0	0	0	0	0	0	0	0	3
25	63	0	0.177152352	0	0	0	0	0	0	0	0	0	0	3
26	65	0	0.184238446	0	0	0	0	0	0	0	0	0	0	3
27	67	0	0.19132454	0	0	0	0	0	0	0	0	0	0	3
28	69	0	0.198410634	0	0	0	0	0	0	0	0	0	0	3
29	71	0	0.205496728	0	0	0	0	0	0	0	0	0	0	3
30	73	0	0.212582822	0	0	0	0	0	0	0	0	0	0	3
31	75	0	0.219668917	0	0	0	0	0	0	0	0	0	0	3
32	77	0	0.226755011	0	0	0	0	0	0	0	0	0	0	3
33	79	0	0.233841105	0	0	0	0	0	0	0	0	0	0	3
34	81	0	0.240927199	0	0	0	0	0	0	0	0	0	0	3
35	83	0	0.248013293	0	0	0	0	0	0	0	0	0	0	3
36	85	0	0.255099387	0	0	0	0	0	0	0	0	0	0	3
37	87	0	0.262185481	0	0	0	0	0	0	0	0	0	0	3
38	89	0	0.269271575	0	0	0	0	0	0	0	0	0	0	3
39	91	0	0.276357669	0	0	0	0	0	0	0	0	0	0	3
40	93	0	0.283443763	0	0	0	0	0	0	0	0	0	0	3
41	95	0	0.290529857	0	0	0	0	0	0	0	0	0	0	3
42	97	0	0.297615951	0	0	0	0	0	0	0	0	0	0	3
43	99	0	0.304702046	0	0	0	0	0	0	0	0	0	0	3
44	101	0	0.31178814	0	0	0	0	0	0	0	0	0	0	3
45	103	0	0.318874234	0	0	0	0	0	0	0	0	0	0	3
46	105	0	0.325960328	0	0	0	0	0	0	0	0	0	0	3
47	107	0	0.333046422	0	0	0	0	0	0	0	0	0	0	3
48	110	0	0.340132516	0	0	0	0	0	0	0	0	0	0	3
49	112	0	0.34721861	0	0	0	0	0	0	0	0	0	0	3
50	114	0	0.354304704	0	0	0	0	0	0	0	0	0	0	3
51	116	0	0.361390798	0	0	0	0	0	0	0	0	0	0	3
52	118	0	0.368476892	0	0	0	0	0	0	0	0	0	0	3
53	119	0	0.375562986	0	0	0	0	0	0	0	0	0	0	3
54	121	0	0.38264908	0	0	0	0	0	0	0	0	0	0	3
55	123	0	0.389735175	0	0	0	0	0	0	0	0	0	0	3
56	125	0	0.396821269	0	0	0	0	0	0	0	0	0	0	3
57	127	0	0.403907363	0	0	0	0	0	0	0	0	0	0	3
58	129	0	0.410993457	0	0	0	0	0	0	0	0	0	0	3
59	131	0	0.418079551	0	0	0	0	0	0	0	0	0	0	3
60	133	0	0.425165645	0	0	0	0	0	0	0	0	0	0	3
61	135	0	0.432251739	0	0	0	0	0	0	0	0	0	0	3
62	137	0	0.439337833	0	0	0	0	0	0	0	0	0	0	3
63	139	0	0.446423927	0	0	0	0	0	0	0	0	0	0	3
64	141	0	0.453510021	0	0	0	0	0	0	0	0	0	0	3
65	143	0	0.460596115	0	0	0	0	0	0	0	0	0	0	3
66	145	0	0.467682209	0	0	0	0	0	0	0	0	0	0	3
67	147	0	0.474768304	0	0	0	0	0	0	0	0	0	0	3
68	149	0	0.481854398	0	0	0	0	0	0	0	0	0	0	3
69	151	0	0.488940492	0	0	0	0	0	0	0	0	0	0	3
70	152	0	0.496026586	0	0	0	0	0	0	0	0	0	0	3
71	154	0	0.50311268	0	0	0	0	0	0	0	0	0	0	3
72	156	0	0.510198774	0	0	0	0	0	0	0	0	0	0	3
73	158	0	0.517284868	0	0	0	0	0	0	0	0	0	0	3
74	160	0	0.524370962	0	0	0	0	0	0	0	0	0	0	3
75	162	0	0.531457056	0	0	0	0	0	0	0	0	0	0	3
76	164	0	0.53854315	0	0	0	0	0	0	0	0	0	0	3
77	166	0	0.545629244	0	0	0	0	0	0	0	0	0	0	3
78	168	0	0.552715338	0	0	0	0	0	0	0	0	0	0	3
79	170	0	0.559801433	0	0	0	0	0	0	0	0	0	0	3
80	172	0	0.566887527	0	0	0	0	0	0	0	0	0	0	3
81	174	0	0.573973621	0	0	0	0	0	0	0	0	0	0	3
82	176	0	0.581059715	0	0	0	0	0	0	0	0	0	0	3
83	178	0	0.588145809	0	0	0	0	0	0	0	0	0	0	3
84	180	0	0.595231903	0	0	0	0	0	0	0	0	0	0	3
85	182	0	0.602317997	0	0	0	0	0	0	0	0	0	0	3
86	184	0	0.609404091	0	0	0	0	0	0	0	0	0	0	3
87	186	0	0.616490185	0	0	0	0	0	0	0	0	0	0	3
88	188	0	0.623576279	0	0	0	0	0	0	0	0	0	0	3
89	190	0	0.630662373	0	0	0	0	0	0	0	0	0	0	3
90	192	0	0.637748467	0	0	0	0	0	0	0	0	0	0	3
91	194	0	0.644834562	0	0	0	0	0	0	0	0	0	0	3
92	196	0	0.651920656	0	0	0	0	0	0	0	0	0	0	3
93	198	0	0.65900675	0	0	0	0	0	0	0	0	0	0	3
94	200	0	0.666092844	0	0	0	0	0	0	0	0	0	0	3
95	201	0	0.673178938	0	0	0	0	0	0	0	0	0	0	3
96	203	0	0.680265032	0	0	0	0	0	0	0	0	0	0	3
97	205	0	0.687351126	0	0	0	0	0	0	0	0	0	0	3
98	207	0	0.69443722	0	0	0	0	0	0	0	0	0	0	3
99	209	0	0.701523314	0	0	0	0	0	0	0	0	0	0	3
100	211	0	0.708609408	0	0	0	0	0	0	0	0	0	0	3
101	216	0	0.715695502	0	0	0	0	0	0	0	0	0	0	3
102	218	0	0.722781596	0	0	0	0	0	0	0	0	0	0	3
103	220	0	0.729867691	0	0	0	0	0	0	0	0	0	0	3
104	222	0	0.736953785	0	0	0	0	0	0	0	0	0	0	3
105	224	0	0.744039879	0	0	0	0	0	0	0	0	0	0	3
106	225	0	0.751125973	0	0	0	0	0	0	0	0	0	0	3
107	227	0	0.758212067	0	0	0	0	0	0	0	0	0	0	3
108	229	0	0.765298161	0	0	0	0	0	0	0	0	0	0	3
109	231	0	0.772384255	0	0	0	0	0	0	0	0	0	0	3
110	233	0	0.779470349	0	0	0	0	0	0	0	0	0	0	3
111	235	0	0.786556443	0	0	0	0	0	0	0	0	0	0	3
112	237	0	0.793642537	0	0	0	0	0	0	0	0	0	0	3
113	239	0	0.800728631	0	0	0	0	0	0	0	0	0	0	3
114	241	0	0.807814725	0	0	0	0	0	0	0	0	0	0	3
115	243	0	0.81490082	0	0	0	0	0	0	0	0	0	0	3
116	245	0	0.821986914	0	0	0	0	0	0	0	0	0	0	3
117	247	0	0.829073008	0	0	0	0	0	0	0	0	0	0	3
118	248	0	0.836159102	0	0	0	0	0	0	0	0	0	0	3
119	250	0	0.843245196	0	0	0	0	0	0	0	0	0	0	3
120	252	0	0.85033129	0	0	0	0	0	0	0	0	0	0	3
121	254	0	0.857417384	0	0	0	0	0	0	0	0	0	0	3
122	256	0	0.864503478	0	0	0	0	0	0	0	0	0	0	3
123	258	0	0.871589572	0	0	0	0	0	0	0	0	0	0	3
124	260	0	0.878675666	0	0	0	0	0	0	0	0	0	0	3
125	262	0	0.88576176	0	0	0	0	0	0	0	0	0	0	3
126	264	0	0.892847854	0	0	0	0	0	0	0	0	0	0	3
127	266	0	0.899933949	0	0	0	0	0	0	0	0	0	0	3
128	268	0	0.907020043	0	0	0	0	0	0	0	0	0	0	3
129	270	0	0.914106137	0	0	0	0	0	0	0	0	0	0	3
130	271	0	0.921192231	0	0	0	0	0	0	0	0	0	0	3
131	273	0	0.928278325	0	0	0	0	0	0	0	0	0	0	3
132	275	0	0.935364419	0	0	0	0	0	0	0	0	0	0	3
133	277	0	0.942450513	0	0	0	0	0	0	0	0	0	0	3
134	279	0	0.949536607	0	0	0	0	0	0	0	0	0	0	3
135	281	0	0.956622701	0	0	0	0	0	0	0	0	0	0	3
136	283	0	0.963708795	0	0	0	0	0	0	0	0	0	0	3
137	285	0	0.970794889	0	0	0	0	0	0	0	0	0	0	3
138	287	0	0.977880983	0	0	0	0	0	0	0	0	0	0	3
139	289	0	0.984967078	0	0	0	0	0	0	0	0	0	0	3
140	291	0	0.992053172	0	0	0	0	0	0	0	0	0	0	3
141	293	0	0.999139266	0	0	0	0	0	0	0	0	0	0	3
142	295	0	1.00622536	0	0	0	0	0	5e-06	0	0	0	0	3
143	296	0	1.01331145	0	0	0	0	0	5e-06	0	0	0	0	3
144	298	0	1.02039755	0	0	0	0	0	5e-06	0	0	0	0	3
145	300	0	1.02748364	0	0	0	0	0	5e-06	0	0	0	0	3
146	302	0	1.03456974	0	0	0	0	0	5e-06	0	0	0	0	3
147	304	0	1.04165583	0	0	0	0	0	5e-06	0	0	0	0	3
148	306	0	1.04874192	0	0	0	0	0	5e-06	0	0	0	0	3
149	308	0	1.05582802	0	0	0	0	0	5e-06	0	0	0	0	3
150	310	0	1.06291411	0	0	0	0	0	5e-06	0	0	0	0	3
151	312	0	1.07000021	0	0	0	0	0	5e-06	0	0	0	0	3
152	314	0	1.0770863	0	0	0	0	0	5e-06	0	0	0	0	3
153	316	0	1.08417239	0	0	0	0	0	5e-06	0	0	0	0	3
154	318	0	1.09125849	0	0	0	0	0	5e-06	0	0	0	0	3
155	319	0	1.09834458	0	0	0	0	0	5e-06	0	0	0	0	3
156	321	0	1.10543068	0	0	0	0	0	5e-06	0	0	0	0	3
157	323	0	1.11251677	0	0	0	0	0	5e-06	0	0	0	0	3
158	325	0	1.11960287	0	0	0	0	0	5e-06	0	0	0	0	3
159	327	0	1.12668896	0	0	0	0	0	5e-06	0	0	0	0	3
160	329	0	1.13377505	0	0	0	0	0	5e-06	0	0	0	0	3
161	331	0	1.14086115	0	0	0	0	0	5e-06	0	0	0	0	3
162	333	0	1.14794724	0	0	0	0	0	5e-06	0	0	0	0	3
163	335	0	1.15503334	0	0	0	0	0	5e-06	0	0	0	0	3
164	336	0	1.16211943	0	0	0	0	0	5e-06	0	0	0	0	3
165	338	0	1.16920552	0	0	0	0	0	5e-06	0	0	0	0	3
166	340	0	1.17629162	0	0	0	0	0	5e-06	0	0	0	0	3
167	342	0	1.18337771	0	0	0	0	0	5e-06	0	0	0	0	3
168	344	0	1.19046381	0	0	0	0	0	5e-06	0	0	0	0	3
169	346	0	1.1975499	0	0	0	0	0	5e-06	0	0	0	0	3
170	348	0	1.20463599	0	0	0	0	0	5e-06	0	0	0	0	3
171	350	0	1.21172209	0	0	0	0	0	5e-06	0	0	0	0	3
172	352	0	1.21880818	0	0	0	0	0	5e-06	0	0	0	0	3
173	354	0	1.22589428	0	0	0	0	0	5e-06	0	0	0	0	3
174	356	0	1.23298037	0	0	0	0	0	5e-06	0	0	0	0	3
175	358	0	1.24006646	0	0	0	0	0	5e-06	0	0	0	0	3
176	363	0	1.24715256	0	0	0	0	0	5e-06	0	0	0	0	3
177	369	0	1.25423865	0	0	0	0	0	5e-06	0	0	0	0	3
178	374	0	1.26132475	0	0	0	0	0	5e-06	0	0	0	0	3
179	381	0	1.26841084	0	0	0	0	0	5e-06	0	0	0	0	3
180	388	0	1.27549693	0	0	0	0	0	5e-06	0	0	0	0	3
181	394	0	1.28258303	0	0	0	0	0	5e-06	0	0	0	0	3
182	400	0	1.28966912	0	0	0	0	0	5e-06	0	0	0	0	3
183	407	0	1.29675522	0	0	0	0	0	5e-06	0	0	0	0	3
184	414	0	1.30384131	0	0	0	0	0	5e-06	0	0	0	0	3
185	421	0	1.31092741	0	0	0	0	0	5e-06	0	0	0	0	3
186	427	0	1.3180135	0	0	0	0	0	5e-06	0	0	0	0	3
187	433	0	1.32509959	0	0	0	0	0	5e-06	0	0	0	0	3
188	439	0	1.33218569	0	0	0	0	0	5e-06	0	0	0	0	3
189	445	0	1.33927178	0	0	0	0	0	5e-06	0	0	0	0	3
190	451	0	1.34635788	0	0	0	0	0	5e-06	0	0	0	0	3
191	458	0	1.35344397	0	0	0	0	0	5e-06	0	0	0	0	3
192	465	0	1.36053006	0	0	0	0	0	5e-06	0	0	0	0	3
193	472	0	1.36761616	0	0	0	0	0	5e-06	0	0	0	0	3
194	478	0	1.37470225	0	0	0	0	0	5e-06	0	0	0	0	3
195	485	0	1.38178835	0	0	0	0	0	5e-06	0	0	0	0	3
196	491	0	1.38887444	0	0	0	0	0	5e-06	0	0	0	0	3
197	497	0	1.39596053	0	0	0	0	0	5e-06	0	0	0	0	3
198	504	0	1.40304663	0	0	0	0	0	5e-06	0	0	0	0	3
199	509	0	1.41013272	0	0	0	0	0	5e-06	0	0	0	0	3
200	516	0	1.41721882	0	0	0	0	0	5e-06	0	0	0	0	3
201	529	0	1.42430491	0	0	0	0	0	5e-06	0	0	0	0	3
202	536	0	1.431391	0	0	0	0	0	5e-06	0	0	0	0	3
203	542	0	1.4384771	0	0	0	0	0	5e-06	0	0	0	0	3
204	547	0	1.44556319	0	0	0	0	0	5e-06	0	0	0	0	3
205	552	0	1.45264929	0	0	0	0	0	5e-06	0	0	0	0	3
206	557	0	1.45973538	0	0	0	0	0	5e-06	0	0	0	0	3
207	562	0	1.46682148	0	0	0	0	0	5e-06	0	0	0	0	3
208	566	0	1.47390757	0	0	0	0	0	5e-06	0	0	0	0	3
209	572	0	1.48099366	0	0	0	0	0	5e-06	0	0	0	0	3
210	577	0	1.48807976	0	0	0	0	0	5e-06	0	0	0	0	3
211	582	0	1.49516585	0	0	0	0	0	5e-06	0	0	0	0	3
212	587	0	1.50225195	0	0	0	0	0	5e-06	0	0	0	0	3
213	591	0	1.50933804	0	0	0	0	0	5e-06	0	0	0	0	3
214	596	0	1.51642413	0	0	0	0	0	5e-06	0	0	0	0	3
215	601	0	1.52351023	0	0	0	0	0	5e-06	0	0	0	0	3
216	607	0	1.53059632	0	0	0	0	0	5e-06	0	0	0	0	3
217	612	0	1.53768242	0	0	0	0	0	5e-06	0	0	0	0	3
218	616	0	1.54476851	0	0	0	0	0	5e-06	0	0	0	0	3
219	621	0	1.5518546	0	0	0	0	0	5e-06	0	0	0	0	3
220	626	0	1.5589407	0	0	0	0	0	5e-06	0	0	0	0	3
221	631	0	1.56602679	0	0	0	0	0	5e-06	0	0	0	0	3
222	635	0	1.57311289	0	0	0	0	0	5e-06	0	0	0	0	3
223	640	0	1.58019898	0	0	0	0	0	5e-06	0	0	0	0	3
224	645	0	1.58728507	0	0	0	0	0	5e-06	0	0	0	0	3
225	650	0	1.59437117	0	0	0	0	0	5e-06	0	0	0	0	3
226	654	0	1.60145726	0	0	0	0	0	5e-06	0	0	0	0	3
227	659	0	1.60854336	0	0	0	0	0	5e-06	0	0	0	0	3
228	663	0	1.61562945	0	0	0	0	0	5e-06	0	0	0	0	3
229	668	0	1.62271555	0	0	0	0	0	5e-06	0	0	0	0	3
230	673	0	1.62980164	0	0	0	0	0	5e-06	0	0	0	0	3
231	678	0	1.63688773	0	0	0	0	0	5e-06	0	0	0	0	3
232	683	0	1.64397383	0	0	0	0	0	5e-06	0	0	0	0	3
233	687	0	1.65105992	0	0	0	0	0	5e-06	0	0	0	0	3
234	692	0	1.65814602	0	0	0	0	0	5e-06	0	0	0	0	3
235	698	0	1.66523211	0	0	0	0	0	5e-06	0	0	0	0	3
236	702	0	1.6723182	0	0	0	0	0	5e-06	0	0	0	0	3
237	707	0	1.6794043	0	0	0	0	0	5e-06	0	0	0	0	3
238	712	0	1.68649039	0	0	0	0	0	5e-06	0	0	0	0	3
239	717	0	1.69357649	0	0	0	0	0	5e-06	0	0	0	0	3
240	722	0	1.70066258	0	0	0	0	0	5e-06	0	0	0	0	3
241	726	0	1.70774867	0	0	0	0	0	5e-06	0	0	0	0	3
242	731	0	1.71483477	0	0	0	0	0	5e-06	0	0	0	0	3
243	736	0	1.72192086	0	0	0	0	0	5e-06	0	0	0	0	3
244	741	0	1.72900696	0	0	0	0	0	5e-06	0	0	0	0	3
245	745	0	1.73609305	0	0	0	0	0	5e-06	0	0	0	0	3
246	750	0	1.74317914	0	0	0	0	0	5e-06	0	0	0	0	3
247	754	0	1.75026524	0	0	0	0	0	5e-06	0	0	0	0	3
248	759	0	1.75735133	0	0	0	0	0	5e-06	0	0	0	0	3
249	764	0	1.76443743	0	0	0	0	0	5e-06	0	0	0	0	3
250	768	0	1.77152352	0	0	0	0	0	5e-06	0	0	0	0	3
251	773	0	1.77860961	0	0	0	0	0	5e-06	0	0	0	0	3
252	778	0	1.78569571	0	0	0	0	0	5e-06	0	0	0	0	3
253	783	0	1.7927818	0	0	0	0	0	5e-06	0	0	0	0	3
254	787	0	1.7998679	0	0	0	0	0	5e-06	0	0	0	0	3
255	792	0	1.80695399	0	0	0	0	0	5e-06	0	0	0	0	3
256	796	0	1.81404009	0	0	0	0	0	5e-06	0	0	0	0	3
257	801	0	1.82112618	0	0	0	0	0	5e-06	0	0	0	0	3
258	806	0	1.82821227	0	0	0	0	0	5e-06	0	0	0	0	3
259	811	0	1.83529837	0	0	0	0	0	5e-06	0	0	0	0	3
260	816	0	1.84238446	0	0	0	0	0	5e-06	0	0	0	0	3
261	821	0	1.84947056	0	0	0	0	0	5e-06	0	0	0	0	3
262	826	0	1.85655665	0	0	0	0	0	5e-06	0	0	0	0	3
263	831	0	1.86364274	0	0	0	0	0	5e-06	0	0	0	0	3
264	836	0	1.87072884	0	0	0	0	0	5e-06	0	0	0	0	3
265	840	0	1.87781493	0	0	0	0	0	5e-06	0	0	0	0	3
266	845	0	1.88490103	0	0	0	0	0	5e-06	0	0	0	0	3
267	850	0	1.89198712	0	0	0	0	0	5e-06	0	0	0	0	3
268	854	0	1.89907321	0	0	0	0	0	5e-06	0	0	0	0	3
269	859	0	1.90615931	0	0	0	0	0	5e-06	0	0	0	0	3
270	863	0	1.9132454	0	0	0	0	0	5e-06	0	0	0	0	3
271	868	0	1.9203315	0	0	0	0	0	5e-06	0	0	0	0	3
272	873	0	1.92741759	0	0	0	0	0	5e-06	0	0	0	0	3
273	878	0	1.93450368	0	0	0	0	0	5e-06	0	0	0	0	3
274	884	0	1.94158978	0	0	0	0	0	5e-06	0	0	0	0	3
275	889	0	1.94867587	0	0	0	0	0	5e-06	0	0	0	0	3
276	893	0	1.95576197	0	0	0	0	0	5e-06	0	0	0	0	3
277	898	0	1.96284806	0	0	0	0	0	5e-06	0	0	0	0	3
278	903	0	1.96993416	0	0	0	0	0	5e-06	0	0	0	0	3
279	908	0	1.97702025	0	0	0	0	0	5e-06	0	0	0	0	3
280	912	0	1.98410634	0	0	0	0	0	5e-06	0	0	0	0	3
281	917	0	1.99119244	0	0	0	0	0	5e-06	0	0	0	0	3
282	922	0	1.99827853	0	0	0	0	0	5e-06	0	0	0	0	3
283	927	0	2.00536463	0	0	0	0	0	5e-06	0	0	0	0	3
284	932	0	2.01245072	0	0	0	0	0	5e-06	0	0	0	0	3
285	937	0	2.01953681	0	0	0	0	0	5e-06	0	0	0	0	3
286	943	0	2.02662291	0	0	0	0	0	5e-06	0	0	0	0	3
287	948	0	2.033709	0	0	0	0	0	5e-06	0	0	0	0	3
288	953	0	2.0407951	0	0	0	0	0	5e-06	0	0	0	0	3
289	958	0	2.04788119	0	0	0	0	0	5e-06	0	0	0	0	3
290	963	0	2.05496728	0	0	0	0	0	5e-06	0	0	0	0	3
291	968	0	2.06205338	0	0	0	0	0	5e-06	0	0	0	0	3
292	972	0	2.06913947	0	0	0	0	0	5e-06	0	0	0	0	3
293	977	0	2.07622557	0	0	0	0	0	5e-06	0	0	0	0	3
294	982	0	2.08331166	0	0	0	0	0	5e-06	0	0	0	0	3
295	987	0	2.09039775	0	0	0	0	0	5e-06	0	0	0	0	3
296	992	0	2.09748385	0	0	0	0	0	5e-06	0	0	0	0	3
297	997	0	2.10456994	0	0	0	0	0	5e-06	0	0	0	0	3
298	1002	0	2.11165604	0	0	0	0	0	5e-06	0	0	0	0	3
299	1007	0	2.11874213	0	0	0	0	0	5e-06	0	0	0	0	3
300	1012	0	2.12582822	0	0	0	0	0	5e-06	0	0	0	0	3
301	1024	0	2.13291432	0	0	0	0	0	5e-06	0	0	0	0	3
302	1029	0	2.14000041	0	0	0	0	0	5e-06	0	0	0	0	3
303	1034	0	2.14708651	0	0	0	0	0	5e-06	0	0	0	0	3
304	1039	0	2.1541726	0	0	0	0	0	5e-06	0	0	0	0	3
305	1044	0	2.1612587	0	0	0	0	0	5e-06	0	0	0	0	3
306	1049	0	2.16834479	0	0	0	0	0	5e-06	0	0	0	0	3
307	1054	0	2.17543088	0	0	0	0	0	5e-06	0	0	0	0	3
308	1058	0	2.18251698	0	0	0	0	0	5e-06	0	0	0	0	3
309	1063	0	2.18960307	0	0	0	0	0	5e-06	0	0	0	0	3
310	1068	0	2.19668917	0	0	0	0	0	5e-06	0	0	0	0	3
311	1073	0	2.20377526	0	0	0	0	0	5e-06	0	0	0	0	3
312	1078	0	2.21086135	0	0	0	0	0	5e-06	0	0	0	0	3
313	1083	0	2.21794745	0	0	0	0	0	5e-06	0	0	0	0	3
314	1087	0	2.22503354	0	0	0	0	0	5e-06	0	0	0	0	3
315	1092	0	2.23211964	0	0	0	0	0	5e-06	0	0	0	0	3
316	1097	0	2.23920573	0	0	0	0	0	5e-06	0	0	0	0	3
317	1102	0	2.24629182	0	0	0	0	0	5e-06	0	0	0	0	3
318	1107	0	2.25337792	0	0	0	0	0	5e-06	0	0	0	0	3
319	1111	0	2.26046401	0	0	0	0	0	5e-06	0	0	0	0	3
320	1116	0	2.26755011	0	0	0	0	0	5e-06	0	0	0	0	3
321	1121	0	2.2746362	0	0	0	0	0	5e-06	0	0	0	0	3
322	1126	0	2.28172229	0	0	0	0	0	5e-06	0	0	0	0	3
323	1131	0	2.28880839	0	0	0	0	0	5e-06	0	0	0	0	3
324	1135	0	2.29589448	0	0	0	0	0	5e-06	0	0	0	0	3
325	1141	0	2.30298058	0	0	0	0	0	5e-06	0	0	0	0	3
326	1146	0	2.31006667	0	0	0	0	0	5e-06	0	0	0	0	3
327	1151	0	2.31715277	0	0	0	0	0	5e-06	0	0	0	0	3
328	1156	0	2.32423886	0	0	0	0	0	5e-06	0	0	0	0	3
329	1162	0	2.33132495	0	0	0	0	0	5e-06	0	0	0	0	3
330	1166	0	2.33841105	0	0	0	0	0	5e-06	0	0	0	0	3
331	1172	0	2.34549714	0	0	0	0	0	5e-06	0	0	0	0	3
332	1176	0	2.35258324	0	0	0	0	0	5e-06	0	0	0	0	3
333	1181	0	2.35966933	0	0	0	0	0	5e-06	0	0	0	0	3
334	1186	0	2.36675542	0	0	0	0	0	5e-06	0	0	0	0	3
335	1192	0	2.37384152	0	0	0	0	0	5e-06	0	0	0	0	3
336	1198	0	2.38092761	0	0	0	0	0	5e-06	0	0	0	0	3
337	1203	0	2.38801371	0	0	0	0	0	5e-06	0	0	0	0	3
338	1209	0	2.3950998	0	0	0	0	0	5e-06	0	0	0	0	3
339	1214	0	2.40218589	0	0	0	0	0	5e-06	0	0	0	0	3
340	1220	0	2.40927199	0	0	0	0	0	5e-06	0	0	0	0	3
341	1224	0	2.41635808	0	0	0	0	0	5e-06	0	0	0	0	3
342	1229	0	2.42344418	0	0	0	0	0	5e-06	0	0	0	0	3
343	1234	0	2.43053027	0	0	0	0	0	5e-06	0	0	0	0	3
344	1239	0	2.43761636	0	0	0	0	0	5e-06	0	0	0	0	3
345	1244	0	2.44470246	0	0	0	0	0	5e-06	0	0	0	0	3
346	1249	0	2.45178855	0	0	0	0	0	5e-06	0	0	0	0	3
347	1254	0	2.45887465	0	0	0	0	0	5e-06	0	0	0	0	3
348	1259	0	2.46596074	0	0	0	0	0	5e-06	0	0	0	0	3
349	1264	0	2.47304683	0	0	0	0	0	5e-06	0	0	0	0	3
350	1269	0	2.48013293	0	0	0	0	0	5e-06	0	0	0	0	3
351	1273	0	2.48721902	0	0	0	0	0	5e-06	0	0	0	0	3
352	1278	0	2.49430512	0	0	0	0	0	5e-06	0	0	0	0	3
353	1283	0	2.50139121	0	0	0	0	0	5e-06	0	0	0	0	3
354	1288	0	2.50847731	0	0	0	0	0	5e-06	0	0	0	0	3
355	1293	0	2.5155634	0	0	0	0	0	5e-06	0	0	0	0	3
356	1297	0	2.52264949	0	0	0	0	0	5e-06	0	0	0	0	3
357	1302	0	2.52973559	0	0	0	0	0	5e-06	0	0	0	0	3
358	1307	0	2.53682168	0	0	0	0	0	5e-06	0	0	0	0	3
359	1312	0	2.54390778	0	0	0	0	0	5e-06	0	0	0	0	3
360	1316	0	2.55099387	0	0	0	0	0	5e-06	0	0	0	0	3
361	1321	0	2.55807996	0	0	0	0	0	5e-06	0	0	0	0	3
362	1326	0	2.56516606	0	0	0	0	0	5e-06	0	0	0	0	3
363	1331	0	2.57225215	0	0	0	0	0	5e-06	0	0	0	0	3
364	1337	0	2.57933825	0	0	0	0	0	5e-06	0	0	0	0	3
365	1341	0	2.58642434	0	0	0	0	0	5e-06	0	0	0	0	3
366	1346	0	2.59351043	0	0	0	0	0	5e-06	0	0	0	0	3
367	1351	0	2.60059653	0	0	0	0	0	5e-06	0	0	0	0	3
368	1356	0	2.60768262	0	0	0	0	0	5e-06	0	0	0	0	3
369	1361	0	2.61476872	0	0	0	0	0	5e-06	0	0	0	0	3
370	1365	0	2.62185481	0	0	0	0	0	5e-06	0	0	0	0	3
371	1370	0	2.6289409	0	0	0	0	0	5e-06	0	0	0	0	3
372	1375	0	2.636027	0	0	0	0	0	5e-06	0	0	0	0	3
373	1380	0	2.64311309	0	0	0	0	0	5e-06	0	0	0	0	3
374	1386	0	2.65019919	0	0	0	0	0	5e-06	0	0	0	0	3
375	1390	0	2.65728528	0	0	0	0	0	5e-06	0	0	0	0	3
376	1395	0	2.66437138	0	0	0	0	0	5e-06	0	0	0	0	3
377	1400	0	2.67145747	0	0	0	0	0	5e-06	0	0	0	0	3
378	1405	0	2.67854356	0	0	0	0	0	5e-06	0	0	0	0	3
379	1411	0	2.68562966	0	0	0	0	0	5e-06	0	0	0	0	3
380	1415	0	2.69271575	0	0	0	0	0	5e-06	0	0	0	0	3
381	1420	0	2.69980185	0	0	0	0	0	5e-06	0	0	0	0	3
382	1425	0	2.70688794	0	0	0	0	0	5e-06	0	0	0	0	3
383	1429	0	2.71397403	0	0	0	0	0	5e-06	0	0	0	0	3
384	1434	0	2.72106013	0	0	0	0	0	5e-06	0	0	0	0	3
385	1439	0	2.72814622	0	0	0	0	0	5e-06	0	0	0	0	3
386	1443	0	2.73523232	0	0	0	0	0	5e-06	0	0	0	0	3
387	1448	0	2.74231841	0	0	0	0	0	5e-06	0	0	0	0	3
388	1453	0	2.7494045	0	0	0	0	0	5e-06	0	0	0	0	3
389	1458	0	2.7564906	0	0	0	0	0	5e-06	0	0	0	0	3
390	1463	0	2.76357669	0	0	0	0	0	5e-06	0	0	0	0	3
391	1468	0	2.77066279	0	0	0	0	0	5e-06	0	0	0	0	3
392	1473	0	2.77774888	0	0	0	0	0	5e-06	0	0	0	0	3
393	1479	0	2.78483497	0	0	0	0	0	5e-06	0	0	0	0	3
394	1484	0	2.79192107	0	0	0	0	0	5e-06	0	0	0	0	3
395	1489	0	2.79900716	0	0	0	0	0	5e-06	0	0	0	0	3
396	1493	0	2.80609326	0	0	0	0	0	5e-06	0	0	0	0	3
397	1498	0	2.81317935	0	0	0	0	0	5e-06	0	0	0	0	3
398	1503	0	2.82026545	0	0	0	0	0	5e-06	0	0	0	0	3
399	1508	0	2.82735154	0	0	0	0	0	5e-06	0	0	0	0	3
400	1513	0	2.83443763	0	0	0	0	0	5e-06	0	0	0	0	3
401	1525	0	2.84152373	0	0	0	0	0	5e-06	0	0	0	0	3
402	1530	0	2.84860982	0	0	0	0	0	5e-06	0	0	0	0	3
403	1535	0	2.85569592	0	0	0	0	0	5e-06	0	0	0	0	3
404	1540	0	2.86278201	0	0	0	0	0	5e-06	0	0	0	0	3
405	1545	0	2.8698681	0	0	0	0	0	5e-06	0	0	0	0	3
406	1550	0	2.8769542	0	0	0	0	0	5e-06	0	0	0	0	3
407	1555	0	2.88404029	0	0	0	0	0	5e-06	0	0	0	0	3
408	1560	0	2.89112639	0	0	0	0	0	5e-06	0	0	0	0	3
409	1564	0	2.89821248	0	0	0	0	0	5e-06	0	0	0	0	3
410	1569	0	2.90529857	0	0	0	0	0	5e-06	0	0	0	0	3
411	1574	0	2.91238467	0	0	0	0	0	5e-06	0	0	0	0	3
412	1579	0	2.91947076	0	0	0	0	0	5e-06	0	0	0	0	3
413	1584	0	2.92655686	0	0	0	0	0	5e-06	0	0	0	0	3
414	1589	0	2.93364295	0	0	0	0	0	5e-06	0	0	0	0	3
415	1593	0	2.94072904	0	0	0	0	0	5e-06	0	0	0	0	3
416	1598	0	2.94781514	0	0	0	0	0	5e-06	0	0	0	0	3
417	1602	0	2.95490123	0	0	0	0	0	5e-06	0	0	0	0	3
418	1607	0	2.96198733	0	0	0	0	0	5e-06	0	0	0	0	3
419	1612	0	2.96907342	0	0	0	0	0	5e-06	0	0	0	0	3
420	1617	0	2.97615951	0	0	0	0	0	5e-06	0	0	0	0	3
421	1622	0	2.98324561	0	0	0	0	0	5e-06	0	0	0	0	3
422	1627	0	2.9903317	0	0	0	0	0	5e-06	0	0	0	0	3
423	1631	0	2.9974178	0	0	0	0	0	5e-06	0	0	0	0	3
424	1636	0	3.00450389	0	0	0	0	0	5e-06	0	0	0	0	3
425	1641	0	3.01158999	0	0	0	0	0	5e-06	0	0	0	0	3
426	1647	0	3.01867608	0	0	0	0	0	5e-06	0	0	0	0	3
427	1652	0	3.02576217	0	0	0	0	0	5e-06	0	0	0	0	3
428	1657	0	3.03284827	0	0	0	0	0	5e-06	0	0	0	0	3
429	1662	0	3.03993436	0	0	0	0	0	5e-06	0	0	0	0	3
430	1667	0	3.04702046	0	0	0	0	0	5e-06	0	0	0	0	3
431	1671	0	3.05410655	0	0	0	0	0	5e-06	0	0	0	0	3
432	1677	0	3.06119264	0	0	0	0	0	5e-06	0	0	0	0	3
433	1682	0	3.06827874	0	0	0	0	0	5e-06	0	0	0	0	3
434	1687	0	3.07536483	0	0	0	0	0	5e-06	0	0	0	0	3
435	1692	0	3.08245093	0	0	0	0	0	5e-06	0	0	0	0	3
436	1696	0	3.08953702	0	0	0	0	0	5e-06	0	0	0	0	3
437	1701	0	3.09662311	0	0	0	0	0	5e-06	0	0	0	0	3
438	1707	0	3.10370921	0	0	0	0	0	5e-06	0	0	0	0	3
439	1712	0	3.1107953	0	0	0	0	0	5e-06	0	0	0	0	3
440	1716	0	3.1178814	0	0	0	0	0	5e-06	0	0	0	0	3
441	1721	0	3.12496749	0	0	0	0	0	5e-06	0	0	0	0	3
442	1726	0	3.13205358	0	0	0	0	0	5e-06	0	0	0	0	3
443	1730	0	3.13913968	0	0	0	0	0	5e-06	0	0	0	0	3
444	1736	0	3.14622577	0	0	0	0	0	5e-06	0	0	0	0	3
445	1741	0	3.15331187	0	0	0	0	0	5e-06	0	0	0	0	3
446	1745	0	3.16039796	0	0	0	0	0	5e-06	0	0	0	0	3
447	1751	0	3.16748406	0	0	0	0	0	5e-06	0	0	0	0	3
448	1756	0	3.17457015	0	0	0	0	0	5e-06	0	0	0	0	3
449	1761	0	3.18165624	0	0	0	0	0	5e-06	0	0	0	0	3
450	1766	0	3.18874234	0	0	0	0	0	5e-06	0	0	0	0	3
451	1770	0	3.19582843	0	0	0	0	0	5e-06	0	0	0	0	3
452	1775	0	3.20291453	0	0	0	0	0	5e-06	0	0	0	0	3
453	1779	0	3.21000062	0	0	0	0	0	5e-06	0	0	0	0	3
454	1784	0	3.21708671	0	0	0	0	0	5e-06	0	0	0	0	3
455	1788	0	3.22417281	0	0	0	0	0	5e-06	0	0	0	0	3
456	1794	0	3.2312589	0	0	0	0	0	5e-06	0	0	0	0	3
457	1798	0	3.238345	0	0	0	0	0	5e-06	0	0	0	0	3
458	1804	0	3.24543109	0	0	0	0	0	5e-06	0	0	0	0	3
459	1809	0	3.25251718	0	0	0	0	0	5e-06	0	0	0	0	3
460	1814	0	3.25960328	0	0	0	0	0	5e-06	0	0	0	0	3
461	1818	0	3.26668937	0	0	0	0	0	5e-06	0	0	0	0	3
462	1823	0	3.27377547	0	0	0	0	0	5e-06	0	0	0	0	3
463	1827	0	3.28086156	0	0	0	0	0	5e-06	0	0	0	0	3
464	1833	0	3.28794765	0	0	0	0	0	5e-06	0	0	0	0	3
465	1837	0	3.29503375	0	0	0	0	0	5e-06	0	0	0	0	3
466	1842	0	3.30211984	0	0	0	0	0	5e-06	0	0	0	0	3
467	1848	0	3.30920594	0	0	0	0	0	5e-06	0	0	0	0	3
468	1853	0	3.31629203	0	0	0	0	0	5e-06	0	0	0	0	3
469	1858	0	3.32337812	0	0	0	0	0	5e-06	0	0	0	0	3
470	1862	0	3.33046422	0	0	0	0	0	5e-06	0	0	0	0	3
471	1868	0	3.33755031	0	0	0	0	0	5e-06	0	0	0	0	3
472	1873	0	3.34463641	0	0	0	0	0	5e-06	0	0	0	0	3
473	1878	0	3.3517225	0	0	0	0	0	5e-06	0	0	0	0	3
474	1883	0	3.3588086	0	0	0	0	0	5e-06	0	0	0	0	3
475	1888	0	3.36589469	0	0	0	0	0	5e-06	0	0	0	0	3
476	1892	0	3.37298078	0	0	0	0	0	5e-06	0	0	0	0	3
477	1897	0	3.38006688	0	0	0	0	0	5e-06	0	0	0	0	3
478	1902	0	3.38715297	0	0	0	0	0	5e-06	0	0	0	0	3
479	1907	0	3.39423907	0	0	0	0	0	5e-06	0	0	0	0	3
480	1912	0	3.40132516	0	0	0	0	0	5e-06	0	0	0	0	3
481	1917	0	3.40841125	0	0	0	0	0	5e-06	0	0	0	0	3
482	1921	0	3.41549735	0	0	0	0	0	5e-06	0	0	0	0	3
483	1926	0	3.42258344	0	0	0	0	0	5e-06	0	0	0	0	3
484	1930	0	3.42966954	0	0	0	0	0	5e-06	0	0	0	0	3
485	1935	0	3.43675563	0	0	0	0	0	5e-06	0	0	0	0	3
486	1940	0	3.44384172	0	0	0	0	0	5e-06	0	0	0	0	3
487	1945	0	3.45092782	0	0	0	0	0	5e-06	0	0	0	0	3
488	1950	0	3.45801391	0	0	0	0	0	5e-06	0	0	0	0	3
489	1955	0	3.46510001	0	0	0	0	0	5e-06	0	0	0	0	3
490	1959	0	3.4721861	0	0	0	0	0	5e-06	0	0	0	0	3
491	1965	0	3.47927219	0	0	0	0	0	5e-06	0	0	0	0	3
492	1969	0	3.48635829	0	0	0	0	0	5e-06	0	0	0	0	3
493	1974	0	3.49344438	0	0	0	0	0	5e-06	0	0	0	0	3
494	1978	0	3.50053048	0	0	0	0	0	5e-06	0	0	0	0	3
495	1984	0	3.50761657	0	0	0	0	0	5e-06	0	0	0	0	3
496	1989	0	3.51470267	0	0	0	0	0	5e-06	0	0	0	0	3
497	1994	0	3.52178876	0	0	0	0	0	5e-06	0	0	0	0	3
498	1999	0	3.52887485	0	0	0	0	0	5e-06	0	0	0	0	3
499	2005	0	3.53596095	0	0	0	0	0	5e-06	0	0	0	0	3
500	2010	0	3.54304704	0	0	0	0	0	5e-06	0	0	0	0	3
501	2022	0	3.55013314	0	0	0	0	0	5e-06	0	0	0	0	3
502	2027	0	3.55721923	0	0	0	0	0	5e-06	0	0	0	0	3
503	2032	0	3.56430532	0	0	0	0	0	5e-06	0	0	0	0	3
504	2037	0	3.57139142	0	0	0	0	0	5e-06	0	0	0	0	3
505	2042	0	3.57847751	0	0	0	0	0	5e-06	0	0	0	0	3
506	2046	0	3.58556361	0	0	0	0	0	5e-06	0	0	0	0	3
507	2052	0	3.5926497	0	0	0	0	0	5e-06	0	0	0	0	3
508	2057	0	3.59973579	0	0	0	0	0	5e-06	0	0	0	0	3
509	2062	0	3.60682189	0	0	0	0	0	5e-06	0	0	0	0	3
510	2067	0	3.61390798	0	0	0	0	0	5e-06	0	0	0	0	3
511	2072	0	3.62099408	0	0	0	0	0	5e-06	0	0	0	0	3
512	2078	0	3.62808017	0	0	0	0	0	5e-06	0	0	0	0	3
513	2083	0	3.63516626	0	0	0	0	0	5e-06	0	0	0	0	3
514	2088	0	3.64225236	0	0	0	0	0	5e-06	0	0	0	0	3
515	2093	0	3.64933845	0	0	0	0	0	5e-06	0	0	0	0	3
516	2098	0	3.65642455	0	0	0	0	0	5e-06	0	0	0	0	3
517	2103	0	3.66351064	0	0	0	0	0	5e-06	0	0	0	0	3
518	2108	0	3.67059673	0	0	0	0	0	5e-06	0	0	0	0	3
519	2113	0	3.67768283	0	0	0	0	0	5e-06	0	0	0	0	3
520	2117	0	3.68476892	0	0	0	0	0	5e-06	0	0	0	0	3
521	2123	0	3.69185502	0	0	0	0	0	5e-06	0	0	0	0	3
522	2128	0	3.69894111	0	0	0	0	0	5e-06	0	0	0	0	3
523	2133	0	3.70602721	0	0	0	0	0	5e-06	0	0	0	0	3
524	2138	0	3.7131133	0	0	0	0	0	5e-06	0	0	0	0	3
525	2143	0	3.72019939	0	0	0	0	0	5e-06	0	0	0	0	3
526	2147	0	3.72728549	0	0	0	0	0	5e-06	0	0	0	0	3
527	2152	0	3.73437158	0	0	0	0	0	5e-06	0	0	0	0	3
528	2156	0	3.74145768	0	0	0	0	0	5e-06	0	0	0	0	3
529	2161	0	3.74854377	0	0	0	0	0	5e-06	0	0	0	0	3
530	2166	0	3.75562986	0	0	0	0	0	5e-06	0	0	0	0	3
531	2171	0	3.76271596	0	0	0	0	0	5e-06	0	0	0	0	3
532	2176	0	3.76980205	0	0	0	0	0	5e-06	0	0	0	0	3
533	2181	0	3.77688815	0	0	0	0	0	5e-06	0	0	0	0	3
534	2186	0	3.78397424	0	0	0	0	0	5e-06	0	0	0	0	3
535	2191	0	3.79106033	0	0	0	0	0	5e-06	0	0	0	0	3
536	2196	0	3.79814643	0	0	0	0	0	5e-06	0	0	0	0	3
537	2201	0	3.80523252	0	0	0	0	0	5e-06	0	0	0	0	3
538	2206	0	3.81231862	0	0	0	0	0	5e-06	0	0	0	0	3
539	2211	0	3.81940471	0	0	0	0	0	5e-06	0	0	0	0	3
540	2216	0	3.8264908	0	0	0	0	0	5e-06	0	0	0	0	3
541	2221	0	3.8335769	0	0	0	0	0	5e-06	0	0	0	0	3
542	2225	0	3.84066299	0	0	0	0	0	5e-06	0	0	0	0	3
543	2230	0	3.84774909	0	0	0	0	0	5e-06	0	0	0	0	3
544	2236	0	3.85483518	0	0	0	0	0	5e-06	0	0	0	0	3
545	2241	0	3.86192128	0	0	0	0	0	5e-06	0	0	0	0	3
546	2246	0	3.86900737	0	0	0	0	0	5e-06	0	0	0	0	3
547	2251	0	3.87609346	0	0	0	0	0	5e-06	0	0	0	0	3
548	2256	0	3.88317956	0	0	0	0	0	5e-06	0	0	0	0	3
549	2260	0	3.89026565	0	0	0	0	0	5e-06	0	0	0	0	3
550	2265	0	3.89735175	0	0	0	0	0	5e-06	0	0	0	0	3
551	2270	0	3.90443784	0	0	0	0	0	5e-06	0	0	0	0	3
552	2275	0	3.91152393	0	0	0	0	0	5e-06	0	0	0	0	3
553	2280	0	3.91861003	0	0	0	0	0	5e-06	0	0	0	0	3
554	2285	0	3.92569612	0	0	0	0	0	5e-06	0	0	0	0	3
555	2289	0	3.93278222	0	0	0	0	0	5e-06	0	0	0	0	3
556	2295	0	3.93986831	0	0	0	0	0	5e-06	0	0	0	0	3
557	2299	0	3.9469544	0	0	0	0	0	5e-06	0	0	0	0	3
558	2304	0	3.9540405	0	0	0	0	0	5e-06	0	0	0	0	3
559	2309	0	3.96112659	0	0	0	0	0	5e-06	0	0	0	0	3
560	2314	0	3.96821269	0	0	0	0	0	5e-06	0	0	0	0	3
561	2319	0	3.97529878	0	0	0	0	0	5e-06	0	0	0	0	3
562	2324	0	3.98238487	0	0	0	0	0	5e-06	0	0	0	0	3
563	2328	0	3.98947097	0	0	0	0	0	5e-06	0	0	0	0	3
564	2333	0	3.99655706	0	0	0	0	0	5e-06	0	0	0	0	3
565	2337	0	4.00364316	0	0	0	0	0	5e-06	0	0	0	0	3
566	2342	0	4.01072925	0	0	0	0	0	5e-06	0	0	0	0	3
567	2347	0	4.01781535	0	0	0	0	0	5e-06	0	0	0	0	3
568	2352	0	4.02490144	0	0	0	0	0	5e-06	0	0	0	0	3
569	2357	0	4.03198753	0	0	0	0	0	5e-06	0	0	0	0	3
570	2361	0	4.03907363	0	0	0	0	0	5e-06	0	0	0	0	3
571	2366	0	4.04615972	0	0	0	0	0	5e-06	0	0	0	0	3
572	2371	0	4.05324582	0	0	0	0	0	5e-06	0	0	0	0	3
573	2376	0	4.06033191	0	0	0	0	0	5e-06	0	0	0	0	3
574	2381	0	4.067418	0	0	0	0	0	5e-06	0	0	0	0	3
575	2386	0	4.0745041	0	0	0	0	0	5e-06	0	0	0	0	3
576	2390	0	4.08159019	0	0	0	0	0	5e-06	0	0	0	0	3
577	2395	0	4.08867629	0	0	0	0	0	5e-06	0	0	0	0	3
578	2400	0	4.09576238	0	0	0	0	0	5e-06	0	0	0	0	3
579	2404	0	4.10284847	0	0	0	0	0	5e-06	0	0	0	0	3
580	2409	0	4.10993457	0	0	0	0	0	5e-06	0	0	0	0	3
581	2415	0	4.11702066	0	0	0	0	0	5e-06	0	0	0	0	3
582	2420	0	4.12410676	0	0	0	0	0	5e-06	0	0	0	0	3
583	2425	0	4.13119285	0	0	0	0	0	5e-06	0	0	0	0	3
584	2430	0	4.13827894	0	0	0	0	0	5e-06	0	0	0	0	3
585	2436	0	4.14536504	0	0	0	0	0	5e-06	0	0	0	0	3
586	2441	0	4.15245113	0	0	0	0	0	5e-06	0	0	0	0	3
587	2446	0	4.15953723	0	0	0	0	0	5e-06	0	0	0	0	3
588	2451	0	4.16662332	0	0	0	0	0	5e-06	0	0	0	0	3
589	2457	0	4.17370941	0	0	0	0	0	5e-06	0	0	0	0	3
590	2462	0	4.18079551	0	0	0	0	0	5e-06	0	0	0	0	3
591	2467	0	4.1878816	0	0	0	0	0	5e-06	0	0	0	0	3
592	2471	0	4.1949677	0	0	0	0	0	5e-06	0	0	0	0	3
593	2476	0	4.20205379	0	0	0	0	0	5e-06	0	0	0	0	3
594	2481	0	4.20913989	0	0	0	0	0	5e-06	0	0	0	0	3
595	2486	0	4.21622598	0	0	0	0	0	5e-06	0	0	0	0	3
596	2492	0	4.22331207	0	0	0	0	0	5e-06	0	0	0	0	3
597	2497	0	4.23039817	0	0	0	0	0	5e-06	0	0	0	0	3
598	2501	0	4.23748426	0	0	0	0	0	5e-06	0	0	0	0	3
599	2506	0	4.24457036	0	0	0	0	0	5e-06	0	0	0	0	3
600	2511	0	4.25165645	0	0	0	0	0	5e-06	0	0	0	0	3
601	2523	0	4.25874254	0	0	0	0	0	5e-06	0	0	0	0	3
602	2528	0	4.26582864	0	0	0	0	0	5e-06	0	0	0	0	3
603	2534	0	4.27291473	0	0	0	0	0	5e-06	0	0	0	0	3
604	2539	0	4.28000083	0	0	0	0	0	5e-06	0	0	0	0	3
605	2544	0	4.28708692	0	0	0	0	0	5e-06	0	0	0	0	3
606	2549	0	4.29417301	0	0	0	0	0	5e-06	0	0	0	0	3
607	2554	0	4.30125911	0	0	0	0	0	5e-06	0	0	0	0	3
608	2559	0	4.3083452	0	0	0	0	0	5e-06	0	0	0	0	3
609	2564	0	4.3154313	0	0	0	0	0	5e-06	0	0	0	0	3
610	2570	0	4.32251739	0	0	0	0	0	5e-06	0	0	0	0	3
611	2575	0	4.32960348	0	0	0	0	0	5e-06	0	0	0	0	3
612	2580	0	4.33668958	0	0	0	0	0	5e-06	0	0	0	0	3
613	2585	0	4.34377567	0	0	0	0	0	5e-06	0	0	0	0	3
614	2590	0	4.35086177	0	0	0	0	0	5e-06	0	0	0	0	3
615	2595	0	4.35794786	0	0	0	0	0	5e-06	0	0	0	0	3
616	2600	0	4.36503396	0	0	0	0	0	5e-06	0	0	0	0	3
617	2605	0	4.37212005	0	0	0	0	0	5e-06	0	0	0	0	3
618	2609	0	4.37920614	0	0	0	0	0	5e-06	0	0	0	0	3
619	2614	0	4.38629224	0	0	0	0	0	5e-06	0	0	0	0	3
620	2619	0	4.39337833	0	0	0	0	0	5e-06	0	0	0	0	3
621	2624	0	4.40046443	0	0	0	0	0	5e-06	0	0	0	0	3
622	2628	0	4.40755052	0	0	0	0	0	5e-06	0	0	0	0	3
623	2633	0	4.41463661	0	0	0	0	0	5e-06	0	0	0	0	3
624	2637	0	4.42172271	0	0	0	0	0	5e-06	0	0	0	0	3
625	2642	0	4.4288088	0	0	0	0	0	5e-06	0	0	0	0	3
626	2648	0	4.4358949	0	0	0	0	0	5e-06	0	0	0	0	3
627	2653	0	4.44298099	0	0	0	0	0	5e-06	0	0	0	0	3
628	2658	0	4.45006708	0	0	0	0	0	5e-06	0	0	0	0	3
629	2663	0	4.45715318	0	0	0	0	0	5e-06	0	0	0	0	3
630	2668	0	4.46423927	0	0	0	0	0	5e-06	0	0	0	0	3
631	2674	0	4.47132537	0	0	0	0	0	5e-06	0	0	0	0	3
632	2680	0	4.47841146	0	0	0	0	0	5e-06	0	0	0	0	3
633	2685	0	4.48549755	0	0	0	0	0	5e-06	0	0	0	0	3
634	2690	0	4.49258365	0	0	0	0	0	5e-06	0	0	0	0	3
635	2696	0	4.49966974	0	0	0	0	0	5e-06	0	0	0	0	3
636	2701	0	4.50675584	0	0	0	0	0	5e-06	0	0	0	0	3
637	2706	0	4.51384193	0	0	0	0	0	5e-06	0	0	0	0	3
638	2711	0	4.52092802	0	0	0	0	0	5e-06	0	0	0	0	3
639	2716	0	4.52801412	0	0	0	0	0	5e-06	0	0	0	0	3
640	2722	0	4.53510021	0	0	0	0	0	5e-06	0	0	0	0	3
641	2728	0	4.54218631	0	0	0	0	0	5e-06	0	0	0	0	3
642	2734	0	4.5492724	0	0	0	0	0	5e-06	0	0	0	0	3
643	2739	0	4.5563585	0	0	0	0	0	5e-06	0	0	0	0	3
644	2744	0	4.56344459	0	0	0	0	0	5e-06	0	0	0	0	3
645	2750	0	4.57053068	0	0	0	0	0	5e-06	0	0	0	0	3
646	2756	0	4.57761678	0	0	0	0	0	5e-06	0	0	0	0	3
647	2760	0	4.58470287	0	0	0	0	0	5e-06	0	0	0	0	3
648	2765	0	4.59178897	0	0	0	0	0	5e-06	0	0	0	0	3
649	2770	0	4.59887506	0	0	0	0	0	5e-06	0	0	0	0	3
650	2775	0	4.60596115	0	0	0	0	0	5e-06	0	0	0	0	3
651	2779	0	4.61304725	0	0	0	0	0	5e-06	0	0	0	0	3
652	2784	0	4.62013334	0	0	0	0	0	5e-06	0	0	0	0	3
653	2789	0	4.62721944	0	0	0	0	0	5e-06	0	0	0	0	3
654	2795	0	4.63430553	0	0	0	0	0	5e-06	0	0	0	0	3
655	2801	0	4.64139162	0	0	0	0	0	5e-06	0	0	0	0	3
656	2806	0	4.64847772	0	0	0	0	0	5e-06	0	0	0	0	3
657	2812	0	4.65556381	0	0	0	0	0	5e-06	0	0	0	0	3
658	2817	0	4.66264991	0	0	0	0	0	5e-06	0	0	0	0	3
659	2822	0	4.669736	0	0	0	0	0	5e-06	0	0	0	0	3
660	2826	0	4.67682209	0	0	0	0	0	5e-06	0	0	0	0	3
661	2831	0	4.68390819	0	0	0	0	0	5e-06	0	0	0	0	3
662	2836	0	4.69099428	0	0	0	0	0	5e-06	0	0	0	0	3
663	2842	0	4.69808038	0	0	0	0	0	5e-06	0	0	0	0	3
664	2846	0	4.70516647	0	0	0	0	0	5e-06	0	0	0	0	3
665	2852	0	4.71225257	0	0	0	0	0	5e-06	0	0	0	0	3
666	2858	0	4.71933866	0	0	0	0	0	5e-06	0	0	0	0	3
667	2863	0	4.72642475	0	0	0	0	0	5e-06	0	0	0	0	3
668	2868	0	4.73351085	0	0	0	0	0	5e-06	0	0	0	0	3
669	2873	0	4.74059694	0	0	0	0	0	5e-06	0	0	0	0	3
670	2879	0	4.74768304	0	0	0	0	0	5e-06	0	0	0	0	3
671	2884	0	4.75476913	0	0	0	0	0	5e-06	0	0	0	0	3
672	2889	0	4.76185522	0	0	0	0	0	5e-06	0	0	0	0	3
673	2893	0	4.76894132	0	0	0	0	0	5e-06	0	0	0	0	3
674	2899	0	4.77602741	0	0	0	0	0	5e-06	0	0	0	0	3
675	2904	0	4.78311351	0	0	0	0	0	5e-06	0	0	0	0	3
676	2909	0	4.7901996	0	0	0	0	0	5e-06	0	0	0	0	3
677	2914	0	4.79728569	0	0	0	0	0	5e-06	0	0	0	0	3
678	2919	0	4.80437179	0	0	0	0	0	5e-06	0	0	0	0	3
679	2924	0	4.81145788	0	0	0	0	0	5e-06	0	0	0	0	3
680	2929	0	4.81854398	0	0	0	0	0	5e-06	0	0	0	0	3
681	2935	0	4.82563007	0	0	0	0	0	5e-06	0	0	0	0	3
682	2939	0	4.83271616	0	0	0	0	0	5e-06	0	0	0	0	3
683	2944	0	4.83980226	0	0	0	0	0	5e-06	0	0	0	0	3
684	2949	0	4.84688835	0	0	0	0	0	5e-06	0	0	0	0	3
685	2954	0	4.85397445	0	0	0	0	0	5e-06	0	0	0	0	3
686	2960	0	4.86106054	0	0	0	0	0	5e-06	0	0	0	0	3
687	2965	0	4.86814664	0	0	0	0	0	5e-06	0	0	0	0	3
688	2970	0	4.87523273	0	0	0	0	0	5e-06	0	0	0	0	3
689	2975	0	4.88231882	0	0	0	0	0	5e-06	0	0	0	0	3
690	2980	0	4.88940492	0	0	0	0	0	5e-06	0	0	0	0	3
691	2985	0	4.89649101	0	0	0	0	0	5e-06	0	0	0	0	3
692	2990	0	4.90357711	0	0	0	0	0	5e-06	0	0	0	0	3
693	2995	0	4.9106632	0	0	0	0	0	5e-06	0	0	0	0	3
694	3000	0	4.91774929	0	0	0	0	0	5e-06	0	0	0	0	3
695	3005	0	4.92483539	0	0	0	0	0	5e-06	0	0	0	0	3
696	3009	0	4.93192148	0	0	0	0	0	5e-06	0	0	0	0	3
697	3014	0	4.93900758	0	0	0	0	0	5e-06	0	0	0	0	3
698	3019	0	4.94609367	0	0	0	0	0	5e-06	0	0	0	0	3
699	3024	0	4.95317976	0	0	0	0	0	5e-06	0	0	0	0	3
700	3029	0	4.96026586	0	0	0	0	0	5e-06	0	0	0	0	3
701	3041	0	4.96735195	0	0	0	0	0	5e-06	0	0	0	0	3
702	3047	0	4.97443805	0	0	0	0	0	5e-06	0	0	0	0	3
703	3053	0	4.98152414	0	0	0	0	0	5e-06	0	0	0	0	3
704	3058	0	4.98861023	0	0	0	0	0	5e-06	0	0	0	0	3
705	3062	0	4.99569633	0	0	0	0	0	5e-06	0	0	0	0	3
706	3068	0	5.00278242	0	0	0	0	0	5e-06	0	0	0	0	3
707	3073	0	5.00986852	0	0	0	0	0	5e-06	0	0	0	0	3
708	3078	0	5.01695461	0	0	0	0	0	5e-06	0	0	0	0	3
709	3083	0	5.0240407	0	0	0	0	0	5e-06	0	0	0	0	3
710	3088	0	5.0311268	0	0	0	0	0	5e-06	0	0	0	0	3
711	3093	0	5.03821289	0	0	0	0	0	5e-06	0	0	0	0	3
712	3098	0	5.04529899	0	0	0	0	0	5e-06	0	0	0	0	3
713	3104	0	5.05238508	0	0	0	0	0	5e-06	0	0	0	0	3
714	3109	0	5.05947118	0	0	0	0	0	5e-06	0	0	0	0	3
715	3114	0	5.06655727	0	0	0	0	0	5e-06	0	0	0	0	3
716	3119	0	5.07364336	0	0	0	0	0	5e-06	0	0	0	0	3
717	3124	0	5.08072946	0	0	0	0	0	5e-06	0	0	0	0	3
718	3130	0	5.08781555	0	0	0	0	0	5e-06	0	0	0	0	3
719	3135	0	5.09490165	0	0	0	0	0	5e-06	0	0	0	0	3
720	3140	0	5.10198774	0	0	0	0	0	5e-06	0	0	0	0	3
721	3144	0	5.10907383	0	0	0	0	0	5e-06	0	0	0	0	3
722	3148	0	5.11615993	0	0	0	0	0	5e-06	0	0	0	0	3
723	3154	0	5.12324602	0	0	0	0	0	5e-06	0	0	0	0	3
724	3159	0	5.13033212	0	0	0	0	0	5e-06	0	0	0	0	3
725	3164	0	5.13741821	0	0	0	0	0	5e-06	0	0	0	0	3
726	3169	0	5.1445043	0	0	0	0	0	5e-06	0	0	0	0	3
727	3174	0	5.1515904	0	0	0	0	0	5e-06	0	0	0	0	3
728	3180	0	5.15867649	0	0	0	0	0	5e-06	0	0	0	0	3
729	3185	0	5.16576259	0	0	0	0	0	5e-06	0	0	0	0	3
730	3190	0	5.17284868	0	0	0	0	0	5e-06	0	0	0	0	3
731	3195	0	5.17993477	0	0	0	0	0	5e-06	0	0	0	0	3
732	3200	0	5.18702087	0	0	0	0	0	5e-06	0	0	0	0	3
733	3206	0	5.19410696	0	0	0	0	0	5e-06	0	0	0	0	3
734	3211	0	5.20119306	0	0	0	0	0	5e-06	0	0	0	0	3
735	3216	0	5.20827915	0	0	0	0	0	5e-06	0	0	0	0	3
736	3222	0	5.21536525	0	0	0	0	0	5e-06	0	0	0	0	3
737	3227	0	5.22245134	0	0	0	0	0	5e-06	0	0	0	0	3
738	3232	0	5.22953743	0	0	0	0	0	5e-06	0	0	0	0	3
739	3237	0	5.23662353	0	0	0	0	0	5e-06	0	0	0	0	3
740	3241	0	5.24370962	0	0	0	0	0	5e-06	0	0	0	0	3
741	3246	0	5.25079572	0	0	0	0	0	5e-06	0	0	0	0	3
742	3252	0	5.25788181	0	0	0	0	0	5e-06	0	0	0	0	3
743	3257	0	5.2649679	0	0	0	0	0	5e-06	0	0	0	0	3
744	3263	0	5.272054	0	0	0	0	0	5e-06	0	0	0	0	3
745	3268	0	5.27914009	0	0	0	0	0	5e-06	0	0	0	0	3
746	3274	0	5.28622619	0	0	0	0	0	5e-06	0	0	0	0	3
747	3280	0	5.29331228	0	0	0	0	0	5e-06	0	0	0	0	3
748	3285	0	5.30039837	0	0	0	0	0	5e-06	0	0	0	0	3
749	3291	0	5.30748447	0	0	0	0	0	5e-06	0	0	0	0	3
750	3296	0	5.31457056	0	0	0	0	0	5e-06	0	0	0	0	3
751	3301	0	5.32165666	0	0	0	0	0	5e-06	0	0	0	0	3
752	3306	0	5.32874275	0	0	0	0	0	5e-06	0	0	0	0	3
753	3311	0	5.33582884	0	0	0	0	0	5e-06	0	0	0	0	3
754	3315	0	5.34291494	0	0	0	0	0	5e-06	0	0	0	0	3
755	3322	0	5.35000103	0	0	0	0	0	5e-06	0	0	0	0	3
756	3327	0	5.35708713	0	0	0	0	0	5e-06	0	0	0	0	3
757	3332	0	5.36417322	0	0	0	0	0	5e-06	0	0	0	0	3
758	3337	0	5.37125931	0	0	0	0	0	5e-06	0	0	0	0	3
759	3342	0	5.37834541	0	0	0	0	0	5e-06	0	0	0	0	3
760	3346	0	5.3854315	0	0	0	0	0	5e-06	0	0	0	0	3
761	3352	0	5.3925176	0	0	0	0	0	5e-06	0	0	0	0	3
762	3357	0	5.39960369	0	0	0	0	0	5e-06	0	0	0	0	3
763	3363	0	5.40668979	0	0	0	0	0	5e-06	0	0	0	0	3
764	3368	0	5.41377588	0	0	0	0	0	5e-06	0	0	0	0	3
765	3373	0	5.42086197	0	0	0	0	0	5e-06	0	0	0	0	3
766	3378	0	5.42794807	0	0	0	0	0	5e-06	0	0	0	0	3
767	3384	0	5.43503416	0	0	0	0	0	5e-06	0	0	0	0	3
768	3390	0	5.44212026	0	0	0	0	0	5e-06	0	0	0	0	3
769	3394	0	5.44920635	0	0	0	0	0	5e-06	0	0	0	0	3
770	3400	0	5.45629244	0	0	0	0	0	5e-06	0	0	0	0	3
771	3405	0	5.46337854	0	0	0	0	0	5e-06	0	0	0	0	3
772	3410	0	5.47046463	0	0	0	0	0	5e-06	0	0	0	0	3
773	3416	0	5.47755073	0	0	0	0	0	5e-06	0	0	0	0	3
774	3421	0	5.48463682	0	0	0	0	0	5e-06	0	0	0	0	3
775	3426	0	5.49172291	0	0	0	0	0	5e-06	0	0	0	0	3
776	3431	0	5.49880901	0	0	0	0	0	5e-06	0	0	0	0	3
777	3437	0	5.5058951	0	0	0	0	0	5e-06	0	0	0	0	3
778	3442	0	5.5129812	0	0	0	0	0	5e-06	0	0	0	0	3
779	3447	0	5.52006729	0	0	0	0	0	5e-06	0	0	0	0	3
780	3452	0	5.52715338	0	0	0	0	0	5e-06	0	0	0	0	3
781	3456	0	5.53423948	0	0	0	0	0	5e-06	0	0	0	0	3
782	3461	0	5.54132557	0	0	0	0	0	5e-06	0	0	0	0	3
783	3467	0	5.54841167	0	0	0	0	0	5e-06	0	0	0	0	3
784	3471	0	5.55549776	0	0	0	0	0	5e-06	0	0	0	0	3
785	3477	0	5.56258386	0	0	0	0	0	5e-06	0	0	0	0	3
786	3482	0	5.56966995	0	0	0	0	0	5e-06	0	0	0	0	3
787	3487	0	5.57675604	0	0	0	0	0	5e-06	0	0	0	0	3
788	3492	0	5.58384214	0	0	0	0	0	5e-06	0	0	0	0	3
789	3497	0	5.59092823	0	0	0	0	0	5e-06	0	0	0	0	3
790	3503	0	5.59801433	0	0	0	0	0	5e-06	0	0	0	0	3
791	3509	0	5.60510042	0	0	0	0	0	5e-06	0	0	0	0	3
792	3514	0	5.61218651	0	0	0	0	0	5e-06	0	0	0	0	3
793	3520	0	5.61927261	0	0	0	0	0	5e-06	0	0	0	0	3
794	3525	0	5.6263587	0	0	0	0	0	5e-06	0	0	0	0	3
795	3529	0	5.6334448	0	0	0	0	0	5e-06	0	0	0	0	3
796	3535	0	5.64053089	0	0	0	0	0	5e-06	0	0	0	0	3
797	3539	0	5.64761698	0	0	0	0	0	5e-06	0	0	0	0	3
798	3544	0	5.65470308	0	0	0	0	0	5e-06	0	0	0	0	3
799	3549	0	5.66178917	0	0	0	0	0	5e-06	0	0	0	0	3
800	3555	0	5.66887527	0	0	0	0	0	5e-06	0	0	0	0	3
801	3568	0	5.67596136	0	0	0	0	0	5e-06	0	0	0	0	3
802	3574	0	5.68304745	0	0	0	0	0	5e-06	0	0	0	0	3
803	3579	0	5.69013355	0	0	0	0	0	5e-06	0	0	0	0	3
804	3585	0	5.69721964	0	0	0	0	0	5e-06	0	0	0	0	3
805	3589	0	5.70430574	0	0	0	0	0	5e-06	0	0	0	0	3
806	3594	0	5.71139183	0	0	0	0	0	5e-06	0	0	0	0	3
807	3600	0	5.71847792	0	0	0	0	0	5e-06	0	0	0	0	3
808	3606	0	5.72556402	0	0	0	0	0	5e-06	0	0	0	0	3
809	3611	0	5.73265011	0	0	0	0	0	5e-06	0	0	0	0	3
810	3616	0	5.73973621	0	0	0	0	0	5e-06	0	0	0	0	3
811	3622	0	5.7468223	0	0	0	0	0	5e-06	0	0	0	0	3
812	3628	0	5.7539084	0	0	0	0	0	5e-06	0	0	0	0	3
813	3633	0	5.76099449	0	0	0	0	0	5e-06	0	0	0	0	3
814	3638	0	5.76808058	0	0	0	0	0	5e-06	0	0	0	0	3
815	3643	0	5.77516668	0	0	0	0	0	5e-06	0	0	0	0	3
816	3648	0	5.78225277	0	0	0	0	0	5e-06	0	0	0	0	3
817	3653	0	5.78933887	0	0	0	0	0	5e-06	0	0	0	0	3
818	3658	0	5.79642496	0	0	0	0	0	5e-06	0	0	0	0	3
819	3664	0	5.80351105	0	0	0	0	0	5e-06	0	0	0	0	3
820	3669	0	5.81059715	0	0	0	0	0	5e-06	0	0	0	0	3
821	3675	0	5.81768324	0	0	0	0	0	5e-06	0	0	0	0	3
822	3680	0	5.82476934	0	0	0	0	0	5e-06	0	0	0	0	3
823	3685	0	5.83185543	0	0	0	0	0	5e-06	0	0	0	0	3
824	3690	0	5.83894152	0	0	0	0	0	5e-06	0	0	0	0	3
825	3696	0	5.84602762	0	0	0	0	0	5e-06	0	0	0	0	3
826	3700	0	5.85311371	0	0	0	0	0	5e-06	0	0	0	0	3
827	3705	0	5.86019981	0	0	0	0	0	5e-06	0	0	0	0	3
828	3710	0	5.8672859	0	0	0	0	0	5e-06	0	0	0	0	3
829	3715	0	5.87437199	0	0	0	0	0	5e-06	0	0	0	0	3
830	3719	0	5.88145809	0	0	0	0	0	5e-06	0	0	0	0	3
831	3725	0	5.88854418	0	0	0	0	0	5e-06	0	0	0	0	3
